   1.8927066e+03   4.3676707e+02
   1.9330119e+03   1.0349747e+03
   1.0893798e+03   1.2050062e+03
   5.5141467e+02   7.7197637e+02
   1.3249030e+03   4.7757867e+02
   1.4597832e+03   1.2212052e+03
   1.5798723e+02   2.4026505e+01
   1.3117570e+03   3.8867476e+02
   3.9134654e+02   1.7273909e+02
   6.3916123e+02   1.4938062e+03
   1.9187543e+03   1.9158316e+03
   6.1264418e+02   1.9511727e+03
   1.8158047e+03   1.1116039e+03
   1.3350297e+03   6.0876846e+02
   6.5515115e+02   1.0742306e+03
   1.6711900e+03   2.5690949e+02
   3.2795847e+02   1.0008770e+03
   1.0370531e+03   5.5110251e+02
   3.0537192e+02   3.6460460e+02
   1.4396038e+03   1.9039224e+03
   5.7317752e+02   1.5605949e+03
   1.8544136e+03   4.7925063e+02
   1.9993820e+03   1.6223510e+03
   5.5069239e+02   1.3962001e+03
   1.4215999e+03   7.2932128e+02
   1.7351616e+03   1.0365702e+03
   4.9787305e+02   1.5832007e+02
   6.8637093e+01   1.7469936e+03
   1.9013852e+03   2.4222389e+02
   1.7288876e+03   1.8506268e+03
   1.6371918e+03   7.5928015e+02
   9.0491074e+02   1.9764398e+02
   1.9696880e+03   1.2097839e+02
   7.3682229e+02   6.1020296e+02
   1.9677630e+03   1.9541015e+03
   2.4613768e+02   8.1133098e+02
   7.5276087e+02   2.6727115e+02
   1.9061169e+03   1.1420536e+03
   1.2222060e+03   9.5886467e+02
   1.5209641e+03   1.2221501e+03
   3.9987769e+02   4.6303806e+02
   8.4845089e+02   1.9912542e+02
   1.1186898e+03   7.2156731e+02
   1.1541123e+03   1.4657212e+02
   1.9247278e+03   1.2831857e+02
   4.8194373e+02   4.8447108e+02
   1.5119604e+03   1.7314950e+03
   1.3601766e+03   1.2757184e+03
   1.0447617e+03   1.7646084e+03
   3.3561979e+02   1.5397682e+03
   1.9792427e+03   1.8928168e+02
   4.7383703e+02   1.5813291e+03
   1.6644045e+03   7.2330771e+02
   4.2333448e+01   8.7754191e+02
   1.7551736e+03   8.7457891e+01
   1.1486713e+03   3.2545190e+02
   4.1736048e+02   1.0847704e+03
   5.7443009e+02   1.2521723e+03
   3.8623122e+02   1.1617240e+03
   1.3697870e+03   1.3082369e+03
   1.9016286e+03   1.3509454e+03
   8.0582470e+02   1.5559195e+01
   1.4016607e+03   1.1197852e+03
   1.9796429e+03   7.3763281e+01
   1.1683204e+03   1.5379561e+03
   4.6591780e+02   5.8499848e+02
   1.8519088e+03   7.0685414e+02
   7.3939228e+02   1.5763670e+03
   1.9734253e+03   1.2191740e+03
   3.8847402e+02   5.8890445e+02
   1.9677755e+03   1.8997897e+03
   1.8184472e+03   9.7724878e+01
   8.1451811e+01   1.0646410e+03
   1.5622792e+03   1.4770587e+03
   4.9979715e+02   1.7144619e+03
   1.3206123e+03   1.1678227e+03
   7.0685031e+02   1.2809863e+03
   6.6150660e+02   1.1053136e+02
   2.2793178e+02   6.7316125e+02
   5.5489470e+02   2.5042368e+02
   7.5578867e+02   1.4595062e+03
   6.1619255e+02   1.4814222e+03
   7.4177283e+01   1.1711586e+03
   1.5848635e+03   1.0858835e+01
   6.0876842e+02   7.2356510e+01
   8.1294454e+02   1.0617441e+03
   3.5306236e+02   5.8766535e+02
   1.9866631e+03   1.3823073e+03
   1.1392238e+03   1.7016455e+03
   1.2215185e+03   1.7001079e+03
   8.4221905e+02   5.8309805e+02
   1.2621961e+03   1.0478017e+03
   1.4790033e+03   1.5816209e+02
   1.6538790e+03   1.4480006e+03
   2.3601259e+02   1.9702336e+03
   1.6440393e+03   8.9377731e+01
   3.8697235e+02   7.7321568e+02
   2.3827778e+02   4.2591043e+02
   4.2451057e+02   1.7681783e+03
   4.2462362e+02   5.2417135e+02
   9.4051780e+02   1.6536168e+03
   1.8376929e+03   1.6894482e+03
   1.2161043e+03   6.0065709e+02
   1.1074872e+03   7.0009780e+02
   1.0315049e+02   1.7937100e+02
   1.1584710e+03   1.3770380e+03
   2.5630989e+01   6.1236651e+02
   9.4721765e+02   3.5773366e+02
   8.3084254e+02   5.0749825e+01
   1.6842380e+03   2.5692325e+02
   1.9483889e+03   1.9198269e+03
   6.4944577e+02   3.6790208e+02
   1.5773244e+03   2.2676696e+02
   8.1529298e+02   1.5298802e+03
   5.2686431e+02   8.1049584e+02
   3.0162023e+02   1.0592812e+03
   1.5392951e+03   8.3109266e+02
   1.1083266e+01   6.1421121e+01
   7.6923081e+02   2.0980653e+01
   6.6844877e+02   4.7050907e+02
   1.0007137e+03   1.9704761e+03
   1.9939394e+03   1.3211412e+03
   9.9649449e+01   3.2767672e+02
   6.3002624e+02   6.4157515e+02
   1.6397937e+03   8.6168531e+02
   1.2868612e+03   1.1050804e+03
   7.3509543e+02   1.7567316e+03
   1.7729497e+03   1.1783742e+03
   1.3826143e+03   9.2411318e+02
   4.3153328e+02   1.0751310e+03
   6.4151844e+02   1.1528659e+03
   7.5903735e+02   1.2366149e+03
   4.9709697e+02   4.2298500e+02
   8.7732301e+02   1.2542122e+03
   1.6092003e+03   1.2203575e+03
   1.1541593e+03   1.0338027e+03
   8.2641744e+02   1.2469765e+03
   1.1623530e+03   5.0334947e+02
   1.6653335e+03   1.6148631e+03
   1.7608145e+03   6.1911997e+02
   6.6121044e+02   1.3505129e+03
   1.7763109e+03   1.8921674e+03
   1.1733554e+03   4.8479681e+02
   7.5492510e+02   1.4123714e+03
   2.5980715e+02   6.2602025e+01
   8.8916778e+02   1.6754454e+02
   1.0200516e+03   1.4371858e+03
   7.5276787e+02   3.3797240e+02
   1.6896383e+03   9.5410011e+02
   1.3330898e+03   1.2369533e+02
   6.6460081e+01   7.2151133e+02
   6.9286357e+02   1.8424641e+03
   1.9560886e+03   1.7063747e+03
   1.7906770e+03   1.0875243e+03
   1.1639129e+03   1.3548182e+02
   3.3710340e+02   2.4620056e+02
   1.3994588e+03   9.5039473e+01
   1.9108031e+03   5.6056408e+02
   3.8467566e+02   9.3143453e+02
   1.9273891e+03   3.2325467e+02
   1.3756203e+03   6.0926607e+02
   7.8967341e+02   1.3092573e+03
   1.9109686e+02   1.5304383e+03
   1.4870181e+03   1.9841504e+03
   1.3032982e+01   9.0597786e+02
   2.2628053e+01   3.6273877e+02
   1.1996223e+03   1.8528259e+03
   8.9945427e+02   6.4686785e+02
   1.9993417e+03   9.9187427e+02
   7.6963321e+02   3.2654617e+02
   4.5700533e+02   3.2757583e+02
   1.8652685e+03   2.0890270e+02
   4.3199694e+02   9.4493628e+02
   1.8277895e+03   1.3788471e+03
   7.5123952e+02   3.8319918e+02
   1.0575133e+03   5.8407434e+02
   5.6426407e+02   4.9157327e+02
   1.6017634e+03   1.5426292e+03
   1.5142288e+03   1.6818328e+03
   4.0222133e+02   6.9319464e+02
   1.2477908e+03   1.9313331e+03
   6.6213099e+02   1.4472162e+03
   1.4969284e+03   1.8910646e+03
   1.2587318e+03   1.1287818e+03
   8.3324234e+02   1.3350225e+03
   1.8136639e+03   1.5806286e+03
   4.1472809e+02   1.0306883e+03
   1.5834934e+03   8.7604668e+02
   1.3942398e+03   1.1571551e+03
   4.5548758e+02   6.5806850e+02
   9.1444474e+02   7.8215834e+02
   1.7022475e+03   1.9672444e+03
   1.5813489e+03   1.8232900e+03
   1.4209867e+03   6.9925114e+02
   1.8435597e+03   1.9686131e+03
   6.3363575e+02   1.0368724e+03
   1.2922247e+03   9.0446910e+02
   1.9216599e+03   7.0138806e+02
   1.9092103e+03   5.5684199e+02
   5.0200194e+02   1.5420894e+03
