   6.9482964e+03
   3.3299440e+03
   4.7953256e+03
   7.6366556e+03
   4.1715758e+03
   4.7288746e+04
   1.1615097e+04
   3.7779588e+04
   8.5137340e+03
   1.0506866e+04
   9.7386746e+03
   5.8193826e+03
   1.0925791e+04
   4.8664930e+03
   5.7578484e+03
   2.7661008e+04
   1.6639461e+04
   8.1740732e+03
   4.1169874e+03
   4.8678578e+04
   7.3443816e+03
   2.2681004e+03
   3.7295266e+04
   1.0183052e+04
   4.6498830e+03
   7.1307922e+03
   3.6644394e+04
   5.5624822e+03
   4.6393462e+03
   2.3196966e+03
   2.1478304e+04
   7.4189020e+03
   5.4239822e+03
   3.3001464e+04
   9.4980528e+03
   9.5818988e+03
   2.7463152e+03
   4.3442870e+04
   1.7835057e+03
   5.6617484e+03
   5.2240314e+04
   7.7856760e+04
   2.9902616e+03
   8.3168378e+03
   8.7558896e+04
   6.6419982e+03
   9.3110858e+03
   5.1777846e+03
   6.5401016e+04
   2.4799502e+04
   1.2170046e+03
   5.0712892e+03
   8.9232852e+04
   1.0732061e+03
   3.4814082e+03
   7.3998702e+04
   7.4777066e+03
   5.6472646e+04
   7.3089136e+03
   5.2566284e+03
   8.2851832e+04
   2.0970750e+03
   2.4988290e+03
   8.7250934e+04
   9.4624442e+03
   6.1861380e+04
   2.4928844e+03
   6.0013584e+04
   2.7220876e+03
   5.2466650e+04
   4.4840342e+03
   5.0383114e+04
   3.8009664e+03
   4.2643872e+03
   1.9750429e+03
   6.1065194e+04
   8.0044666e+03
   5.1063584e+04
   2.7817616e+04
   8.9204706e+03
   1.4777314e+03
   2.9647064e+04
   1.6197474e+03
   3.0496260e+03
   4.5799394e+04
   4.2162258e+03
   3.5358838e+04
   6.3302374e+03
   2.4611546e+03
   5.0618980e+03
   6.1922318e+04
   3.4428962e+03
   8.8752910e+03
   7.4761852e+04
   5.5733434e+03
   2.7797138e+04
   7.9647528e+03
   5.9657510e+04
   8.9496744e+04
   4.6633072e+04
