   8.3670066e+03
   5.2593708e+04
   9.9375580e+03
   1.3900977e+04
   6.9197696e+03
   5.6362906e+04
   3.2234762e+04
   4.6679210e+04
   3.6760916e+04
   7.7610356e+03
   2.2352538e+04
   1.1975385e+04
   1.7367793e+04
   2.2355776e+04
   3.8136770e+04
   3.4192444e+03
   5.1341734e+04
   5.0860600e+03
   4.4686904e+04
   4.4543484e+04
   3.1057028e+04
   8.1104792e+04
   3.3862964e+04
   1.0897045e+04
   2.0442434e+04
   3.5686756e+04
   2.2510524e+04
   3.6948182e+04
   9.5844528e+03
   1.2745623e+04
   8.4842504e+04
   8.6095974e+04
   5.2193566e+04
   6.3203792e+03
   2.1895412e+04
   3.2431114e+04
   7.4086270e+04
   2.3709060e+03
   4.8291182e+03
   1.6040113e+04
   5.8771278e+04
   6.6123292e+04
   3.8649390e+04
   1.1132210e+04
   4.9683790e+04
   2.7372552e+04
   6.7277660e+04
   1.7816996e+04
   6.2123014e+04
   1.7332493e+04
   3.3795128e+04
   5.6680052e+04
   7.0440242e+04
   8.2201934e+03
   8.3715352e+04
   7.0038428e+04
   4.4324454e+04
   3.9791414e+04
   4.0763754e+04
   2.8265104e+04
   4.6257270e+04
   4.6458670e+04
   7.3768866e+04
   6.1739996e+04
   5.8344314e+04
   3.4696234e+04
   5.3230660e+04
   4.8421478e+04
   3.2214712e+04
   8.4571140e+04
   7.8958910e+04
   4.9963916e+04
   5.6400282e+04
   5.3246980e+04
   1.9489064e+04
   2.7810922e+04
   4.2912178e+04
   2.1513446e+04
   7.6143482e+04
   1.8334022e+04
   2.1107040e+04
   1.6193016e+04
   2.1262124e+04
   3.9777184e+04
   2.8688104e+04
   8.3180788e+04
   3.9288458e+04
   1.7448652e+04
   8.1534406e+04
   8.8197606e+04
   4.0059428e+04
   1.0889611e+04
   2.3967758e+04
   3.7376066e+04
   5.3945752e+04
   2.4336846e+04
   5.4653034e+04
   6.4298204e+04
   2.0735460e+04
   1.1450171e+04
   2.7404154e+04
   2.9371270e+04
   3.8750842e+04
   4.6199388e+04
   8.6109058e+03
   2.4360920e+04
   7.2290302e+04
   3.6006046e+03
   8.3668018e+04
   6.5999446e+04
   4.4486200e+04
   5.2488730e+04
   2.2118240e+04
   4.1837546e+04
   8.6714880e+04
   4.9665710e+04
   4.7381090e+04
   2.1611900e+04
   4.4511900e+04
   5.6541348e+04
