   5.9864246e+04
   2.3096874e+04
   7.8709804e+04
   1.6114061e+04
   1.0173488e+04
   2.4575822e+04
   8.3491846e+03
   7.9103482e+04
   4.1287646e+04
   7.8753934e+04
   7.4757486e+04
   7.3969228e+04
   9.9245066e+03
   6.2275168e+04
   5.2006174e+04
   3.9383474e+04
   3.4886574e+04
   1.0160057e+04
   6.6812534e+04
   1.3976275e+03
   7.5720610e+04
   8.3363200e+04
   6.8931110e+04
   1.4483165e+04
   6.6030842e+04
   3.0484838e+04
   4.1618446e+04
   8.8989842e+04
   3.0829330e+04
   2.4570444e+03
   1.0995463e+04
   1.9297126e+04
   3.3669432e+04
   2.3655080e+03
   8.4965576e+04
   4.8879766e+04
   3.7385702e+04
   1.9789586e+04
   4.4365178e+04
   7.6214676e+04
   7.8944142e+04
   6.1956980e+04
   1.8344251e+03
   3.9167334e+04
   1.8184047e+04
   6.2365006e+04
   8.9357810e+04
   5.7866610e+04
   2.7968560e+04
   2.3532730e+04
   7.4916482e+04
   3.7244870e+04
   7.3648128e+04
   5.2222750e+04
   4.9578110e+04
   1.9084288e+04
   4.8292608e+04
   7.0436076e+04
   6.0173868e+04
   9.8584334e+03
   2.5653068e+04
   1.6826274e+04
   8.6036696e+04
   8.6652442e+04
   3.8372332e+04
   7.7457350e+03
   1.1666043e+04
   2.5504772e+04
   2.7454916e+04
   7.9902932e+04
   7.9946470e+04
   3.4243828e+04
   5.1106946e+04
   2.2382898e+04
   4.7682968e+04
   2.1334104e+04
   1.3296325e+04
   1.7546015e+04
   6.7039506e+04
   5.2635968e+04
   1.7710647e+04
   2.7436144e+04
   3.4714286e+04
   7.7995626e+04
   4.7400394e+04
   7.4482278e+04
   8.9964192e+04
   8.8716320e+04
   2.7781338e+04
   2.2311894e+04
   4.1733650e+04
   5.4920386e+04
   3.4486690e+04
   1.0132510e+03
   8.2113384e+04
   7.1556792e+04
   5.0209692e+04
   7.0636212e+04
   8.6552746e+03
   3.2605456e+04
   8.1081894e+04
   5.6073316e+04
   5.4505150e+04
   6.1518370e+04
   5.9428244e+04
   8.8729640e+04
   6.6518632e+04
   4.9066694e+04
   6.2469536e+04
   5.6925556e+04
   7.9154560e+04
   7.7653716e+04
   5.5323300e+04
   5.6089930e+04
   1.0089324e+04
   7.3342968e+04
   6.9557974e+04
   8.7313152e+04
   8.2786840e+04
   5.8941272e+04
   7.1328606e+04
   4.4066330e+04
   9.7722812e+03
   1.5793585e+04
   4.9398876e+04
   1.0198612e+04
   4.7919264e+04
   5.2471920e+03
   3.9480520e+04
   8.2037634e+04
   8.4043590e+04
   1.0608963e+04
   8.5238222e+04
   1.8462007e+04
   1.2849778e+04
   6.4542038e+04
   3.7221466e+03
   9.0289728e+03
   1.8684923e+04
   2.0981658e+04
   7.2072384e+04
   1.1444126e+04
   2.0304598e+04
   4.6225664e+04
   2.7791588e+04
   4.7830618e+04
   1.3185760e+04
   2.3416020e+04
   4.6768844e+04
   8.8172376e+04
