   6.4669522e+04
   5.5766052e+04
   3.0109678e+04
   3.6066384e+04
   1.5599395e+04
   3.9474208e+04
   8.1989852e+04
   3.6174882e+04
   5.6944414e+04
   4.2810108e+04
   8.5571692e+04
   1.3736767e+04
   6.4769206e+04
   8.6240922e+04
   3.9577978e+04
   8.9897244e+04
   5.4228432e+04
   5.2052808e+04
   1.8816761e+04
   7.3198574e+04
   6.6582284e+04
   7.0244204e+04
   6.0349494e+03
   2.7954422e+03
   7.4171558e+04
   7.8868010e+04
   7.7505382e+04
   2.3248708e+04
   3.5506038e+03
   3.0168652e+04
   7.1080122e+04
   6.3126808e+04
   5.3575002e+04
   5.3218832e+04
   4.6335438e+03
   4.3728726e+04
   7.9237618e+04
   6.0893068e+03
   6.2823036e+03
   8.5741172e+04
   4.6207286e+04
   8.2658434e+04
   1.7772835e+04
   6.6568396e+04
   8.6432732e+04
   7.8490170e+04
   5.1197688e+04
   5.9951544e+04
   4.1296876e+04
   4.2534780e+04
   1.9171239e+04
   8.0582470e+04
   1.6726437e+04
   5.0212878e+04
   7.6153120e+04
   6.5694292e+04
   3.9879010e+03
   3.0946976e+04
   7.3653238e+04
   3.8694372e+04
   8.5452174e+04
   8.7006306e+04
   3.6858294e+04
   3.0339984e+04
   5.1091310e+03
   1.2538735e+04
   4.9788666e+04
   5.0568110e+04
   6.2421534e+04
   2.1831104e+04
   6.9677310e+04
   1.9739388e+04
   2.1045390e+04
   6.6293370e+04
   9.7309096e+03
   3.9741728e+04
   5.9856700e+04
   2.0965726e+04
   8.8617996e+04
   4.5616622e+04
   2.2495764e+04
   2.2560020e+04
   2.3700058e+04
   2.3956950e+04
   8.8042620e+04
   5.8511822e+04
   2.0500550e+04
   8.3755422e+04
   1.8533253e+04
   1.8152601e+04
   8.2763444e+03
   6.5159834e+04
   1.7980328e+04
   2.8896134e+04
   1.7039115e+04
   8.5320132e+04
   5.3696806e+04
   4.3448334e+04
   4.5077584e+04
   6.3905482e+04
   1.1048312e+04
   4.9558676e+04
   5.2204400e+04
   1.2506180e+04
   3.9601432e+04
   1.7324419e+04
   1.5502922e+04
   1.9098892e+04
   2.7085808e+03
   4.4357450e+04
   5.8949106e+04
   8.8588568e+04
   1.0686292e+04
   3.2749764e+04
   8.3206018e+04
   1.1659352e+04
   4.7498814e+04
   7.1334768e+04
   2.0668818e+04
   2.7740940e+04
   1.4421941e+04
   1.2156885e+04
   3.7574510e+04
   7.1252002e+04
   1.1789940e+04
   7.9497898e+04
   4.9613210e+04
   3.1041710e+04
   5.6858142e+04
   4.5772746e+04
   4.0068826e+04
   5.6134108e+03
   8.7465706e+04
   2.2525572e+04
   2.2144180e+04
   6.1448546e+04
   1.7692462e+04
   5.5887394e+04
   2.2920206e+03
   8.5459796e+04
   2.2022358e+03
   3.8824666e+04
   2.6527210e+04
   7.7786648e+04
   3.8917366e+04
   3.1379384e+04
   2.4114356e+04
   2.1869858e+04
   8.7398880e+03
   7.1166648e+04
   4.2062702e+04
   6.5631468e+04
   4.8109788e+04
   6.0694826e+04
   8.8570318e+04
   5.3129650e+04
   3.7902900e+04
   7.0017582e+04
   1.4917316e+04
   1.5822930e+04
   2.4615480e+04
   1.0736252e+04
   8.2106956e+04
   7.6374564e+04
   4.4290604e+04
   7.5862124e+04
   1.0220086e+04
   5.6569160e+04
   6.4718134e+04
   4.0294246e+04
   6.1733142e+04
   3.9952026e+04
   3.0536214e+03
   7.5668846e+04
   6.8268862e+04
   6.7227020e+04
   8.9893122e+04
   1.6506409e+04
   4.8932840e+04
   1.0393856e+04
   4.5308754e+04
   1.7960191e+04
   9.1495456e+03
   1.6968625e+04
   5.7459488e+04
   4.8486900e+04
   3.2048260e+04
   9.4837850e+03
   5.2080422e+04
   1.4586316e+04
   8.4078292e+04
   5.1049528e+04
   7.9043852e+04
   1.3997421e+04
   7.8100846e+04
   3.5601830e+04
   2.0186818e+04
   5.7784502e+04
   1.8021778e+04
   1.0201079e+04
   7.9965334e+04
   2.2401360e+04
   2.3727464e+04
   3.2139614e+04
   6.5494112e+04
   8.6454058e+04
   3.7792944e+04
   3.7623722e+04
   8.2651758e+04
   1.6374295e+04
   7.6422894e+04
   3.4017134e+04
   5.7405772e+03
   6.7449684e+03
   3.4682140e+04
   7.5262982e+04
   1.1777604e+04
   7.8428040e+04
   1.2948680e+04
   3.8047888e+04
   7.8942594e+04
   2.7754794e+04
   7.5997008e+04
   6.2296928e+03
   6.7758800e+04
   1.5076279e+04
   8.3513036e+04
   8.9592604e+04
   4.9121724e+04
   4.4620100e+04
   1.2821761e+03
   5.3855094e+03
   3.2185548e+04
   2.9445220e+04
   5.4614014e+04
   8.6521318e+04
   8.5838188e+04
   8.6175502e+04
   3.5729160e+04
   1.7087179e+04
   4.2517800e+04
   8.4513582e+04
   3.7528684e+04
   4.8101948e+04
   8.1934428e+04
   4.8800376e+03
   2.1315092e+03
   3.3495602e+04
   4.3216026e+03
   1.8198919e+04
   8.2388658e+04
   8.4364530e+04
   5.2137218e+04
   2.0592466e+04
   2.3515420e+04
   6.8999082e+04
   6.2644788e+03
   6.8808904e+03
   8.9117604e+04
   2.5936192e+04
   3.5013334e+04
   3.1732270e+03
   8.9925268e+04
   7.2256502e+04
   8.0260868e+04
   5.0620352e+04
   2.2436794e+04
   8.7924326e+04
   3.2160538e+04
   1.5218969e+03
   6.2537120e+04
   2.6402410e+04
   7.7407586e+04
   6.6676592e+04
   8.4532896e+03
   6.8233202e+04
   2.4343906e+04
   6.7332372e+04
   4.7899766e+04
   2.6601778e+04
   6.8987400e+04
   8.3030032e+04
   1.0607722e+03
   3.1821720e+04
   7.6436388e+04
   4.9151060e+04
   2.8497722e+04
   5.0130280e+04
   4.8100110e+04
   8.6112052e+04
   4.8262096e+04
   5.8393316e+04
   1.9210033e+04
   1.0269853e+03
   4.9365798e+04
   6.8636900e+03
   3.3969422e+04
   1.1250634e+04
   4.5708022e+04
   6.4854694e+04
