   1.1367141e+04
   4.0938060e+04
   6.4453526e+04
   7.5479288e+04
   8.5374218e+04
   7.7484044e+04
   8.1622088e+04
   4.4050104e+04
   3.5477376e+04
   3.1982890e+04
   8.8213816e+04
   5.6400526e+04
   1.0584126e+04
   1.6512208e+04
   4.6977664e+04
   8.6489200e+04
   8.0895952e+04
   4.8606934e+04
   8.6124234e+04
   7.6413176e+04
   2.1805688e+03
   1.3082992e+04
   3.3062658e+04
   1.8299711e+04
   3.4756480e+04
   3.4226246e+04
   6.2920718e+04
   8.2502228e+04
   4.1221830e+04
   3.6537982e+04
   5.6688000e+04
   2.6003472e+04
   3.2183888e+04
   7.3127846e+04
   2.7305040e+04
   3.1636950e+04
   3.5390010e+04
   1.2590914e+03
   4.9075690e+04
   1.2897657e+04
   5.7578360e+04
   2.3059130e+04
   1.9150925e+04
   5.2384522e+04
   8.5538808e+04
   7.9029280e+04
   7.1433750e+04
   2.5683160e+04
   7.0188250e+04
   4.1033504e+04
   8.9184784e+04
   8.6299176e+04
   8.2336530e+04
   4.5301928e+04
   4.3925376e+04
   1.2998339e+04
   8.7477278e+04
   2.8032956e+03
   7.2818310e+04
   4.4229604e+04
   1.4628537e+04
   5.9291824e+04
   8.0533936e+04
   2.7616096e+04
   1.2152028e+04
   2.2001414e+04
   2.5593808e+03
   6.9942614e+04
   1.5291605e+04
   3.5909190e+04
   8.3203514e+04
   6.1721466e+04
   6.2757944e+04
   7.2688382e+04
   5.1844364e+04
   1.1025072e+04
   6.4388796e+04
   2.9460072e+04
   4.4887178e+04
   8.0280624e+04
   5.1652316e+04
   3.2886928e+04
   2.6558540e+04
   5.8933812e+04
   1.3901255e+04
   2.9390872e+04
   8.1709592e+03
   8.0989538e+04
   1.3354672e+04
   4.8271202e+04
   2.6628112e+04
   2.5083388e+04
   4.4109650e+04
   5.0472154e+04
   4.7200518e+04
   6.7236646e+04
   6.6605634e+04
   6.0740296e+04
   6.2948116e+04
   1.8873597e+04
   7.1192932e+04
   3.2135456e+04
   6.5386252e+04
   2.8511788e+04
   8.8647172e+04
   5.0546922e+04
   8.7367888e+04
   4.3299472e+04
   3.5459470e+04
   4.5099898e+04
   2.7259066e+04
   8.9010944e+04
   4.2173384e+04
   7.1520392e+04
   8.3109866e+04
   6.3184316e+04
   5.1799332e+04
   4.5289450e+03
   1.7905032e+04
   3.6852254e+04
   6.0570206e+04
   4.8855060e+04
   2.9758382e+03
   5.2170096e+04
   8.3065544e+04
   6.5261068e+04
   8.3285608e+04
   1.6034588e+04
   3.2004158e+04
   8.0894724e+04
   2.2721044e+04
   4.4108484e+04
   1.5391349e+04
   6.2679798e+04
   6.9656552e+04
   3.8287622e+04
   8.5255528e+04
   3.5269010e+04
   8.4643368e+04
   4.7519136e+03
   4.0014528e+04
   1.0083522e+04
   2.0701990e+04
   8.8388500e+04
   5.7202340e+04
   2.2009034e+04
   1.0279657e+04
   2.9934554e+04
   4.3045060e+04
   8.7237980e+04
   2.0807314e+04
   3.9345612e+04
   4.9692132e+04
   3.8834190e+04
   3.7384634e+04
   3.1958544e+04
   4.8316770e+03
   6.3387042e+04
   8.1310598e+04
   1.2863068e+04
   1.8337589e+04
   1.3561373e+03
   7.7242004e+04
   7.9514872e+04
   5.1321448e+04
   7.5424054e+04
   6.2509588e+04
   7.1785964e+04
   6.7689806e+04
   4.2753330e+04
   7.7453472e+04
   3.6527804e+04
   5.3628000e+04
   7.0973184e+04
   6.4578786e+04
   7.7529508e+04
   8.8810190e+04
   7.9817198e+04
   6.8584128e+03
   3.8732560e+04
   2.8116788e+04
   7.0957102e+04
   1.0247277e+04
   2.2775814e+04
   7.4738132e+04
   4.9827996e+04
   4.3504258e+04
   7.5528768e+04
   6.3726680e+04
   8.9599656e+04
   4.5374940e+04
   3.6436984e+04
   3.4796234e+04
   3.2950944e+04
   6.5182492e+04
   3.0153290e+04
   4.1687770e+04
   6.5688676e+04
   8.8315664e+04
   2.1311918e+04
   6.9850116e+03
   3.0406578e+04
   2.5841444e+03
   4.4110672e+04
   4.4831210e+04
   7.6391692e+04
   6.5202414e+04
   7.2549740e+04
   8.0279792e+04
   5.1334034e+04
   7.1191600e+04
   7.7064188e+03
   2.3189776e+04
   5.2615460e+04
   3.3508960e+04
   5.9824438e+04
   5.7509858e+04
   4.6751608e+04
   7.4992632e+04
   3.3130998e+03
   2.0273120e+04
   5.4589038e+04
   3.8894262e+04
   3.6579590e+04
   6.1889578e+04
   3.1419824e+04
   8.9235186e+04
   3.1600594e+04
   4.8103230e+04
   6.3824188e+03
   1.3521092e+04
   4.1168258e+04
   2.0341848e+04
   6.4861324e+04
   9.5822914e+03
   4.4705416e+04
   5.8516630e+04
   4.2237126e+04
   1.8805701e+04
   1.7793495e+04
   3.7200114e+04
   3.1833504e+03
   2.5112738e+04
   6.6082256e+04
   7.4627806e+04
   2.7722866e+04
   2.8546314e+04
   4.8090398e+04
   5.7061134e+04
   8.8931040e+04
   3.2683662e+04
   8.0971072e+04
   3.8876038e+04
   5.8483392e+04
   3.3236026e+04
   4.5109326e+04
   7.3307590e+04
   4.9014848e+04
   4.9471484e+04
   4.8326952e+04
   7.2705494e+04
   7.9931366e+04
   5.6264786e+04
   5.9427358e+04
   5.5980954e+04
   7.2660028e+04
   2.0578428e+04
   6.5196938e+04
   8.7916484e+04
   3.6312418e+04
   2.9913722e+04
   8.3747958e+04
   3.8515434e+04
   4.1767058e+04
   2.1594768e+04
   7.3197034e+04
   2.8717364e+04
   5.6939284e+04
   3.6059292e+04
   8.3223776e+03
   4.1312126e+04
   5.9411912e+04
   3.5648078e+04
   7.4109698e+04
   6.4920268e+04
   6.1617622e+04
   3.7092948e+04
   3.3214638e+04
   3.1479302e+04
   8.5084194e+04
   2.1312372e+04
   6.8829108e+04
   8.9496860e+04
   4.9876150e+04
   7.1808462e+03
   8.9417782e+04
   8.4473692e+04
   2.2770728e+04
   6.6916352e+03
   2.7057594e+03
   2.6293828e+04
   4.6020824e+04
   1.1208999e+04
   3.8572064e+03
   6.3654180e+04
   6.0893100e+04
   1.4270210e+04
   2.4374096e+03
   8.9826994e+04
   3.3944594e+04
   8.8342152e+03
   2.4813258e+04
   3.2579246e+03
   1.2263178e+04
   8.0217816e+04
   2.3791496e+03
   8.4364418e+04
   5.7628736e+04
   6.0179922e+03
   3.2739214e+04
   3.9670672e+04
   6.7793132e+04
   2.0313238e+04
   8.9568272e+04
   2.3279844e+04
   8.6104868e+04
   3.1073552e+04
   1.8872414e+04
   8.0058644e+04
   1.1157037e+04
   1.4136961e+04
   3.9840358e+04
   9.2528176e+03
   2.1078866e+04
   1.4021687e+03
   8.6526042e+04
   2.9663512e+03
   7.0765778e+04
   4.9681288e+04
   8.3837376e+04
   8.3932502e+04
   2.3976372e+04
   2.7647150e+04
   5.9324872e+04
   6.8293210e+04
   1.1579523e+04
   6.0240858e+04
   6.4327534e+04
   2.1386310e+04
   2.1234454e+04
   3.1412048e+03
   8.0557484e+04
   5.7032570e+04
   5.6118056e+04
   2.4318942e+04
   3.5012686e+04
   8.6163716e+04
   2.1147338e+04
   8.8095044e+04
   8.5188998e+04
   4.7749100e+04
   7.5196180e+04
   6.2521766e+04
   7.6316858e+04
   4.9918840e+04
   8.3481328e+03
   5.9976694e+03
   6.5033730e+04
   5.7077660e+04
   1.0018585e+04
   2.3810414e+04
   4.5849654e+04
   2.1178694e+04
   7.3195654e+04
   4.2414170e+04
   3.7466154e+04
   8.0905484e+04
   6.0530274e+04
   7.9148822e+04
   4.0004914e+04
   2.2476766e+04
   3.0458090e+04
   2.2632510e+04
   3.1386058e+04
   6.1082444e+04
   2.1067520e+04
   5.8349938e+04
   8.2424528e+04
   6.3449008e+04
   8.6137958e+04
   5.1304664e+04
   7.4044952e+04
   8.8114346e+03
   8.8772456e+04
   7.3201762e+04
   6.2287236e+04
   5.4255128e+04
   6.6623210e+04
   2.9860602e+04
   4.1654790e+04
