   7.9154560e+04
   6.6030842e+04
   8.2786840e+04
   1.0160057e+04
   1.3976275e+03
   5.4505150e+04
   2.5653068e+04
   8.8729640e+04
   1.0198612e+04
   8.2113384e+04
   4.4066330e+04
   3.9167334e+04
   7.1328606e+04
   2.3416020e+04
   2.0981658e+04
   8.3491846e+03
   3.8372332e+04
   1.1666043e+04
   5.5323300e+04
   5.0209692e+04
   6.4542038e+04
   7.7457350e+03
   4.4365178e+04
   7.9103482e+04
   1.0608963e+04
   1.9789586e+04
   2.7454916e+04
   4.1733650e+04
   1.8344251e+03
   6.1518370e+04
   7.4482278e+04
   8.8989842e+04
   1.8462007e+04
   9.9245066e+03
   7.3648128e+04
   1.8184047e+04
   2.7781338e+04
   4.1287646e+04
   2.2382898e+04
   6.2275168e+04
   6.6812534e+04
   1.2849778e+04
   3.7244870e+04
   7.0636212e+04
   1.3185760e+04
   5.2635968e+04
   1.0089324e+04
   4.7919264e+04
   1.7710647e+04
   6.6518632e+04
