   3.1453822e+04
   5.9442546e+03
   6.5165420e+03
   2.6905754e+04
   7.8877102e+03
   9.3002680e+03
   9.9440248e+03
   5.0940756e+03
   2.2187776e+04
   7.5996142e+04
   6.1210050e+04
   7.1387696e+04
   4.8256300e+03
   6.8327170e+04
   4.8098110e+04
   2.5620482e+04
   9.0703862e+03
   2.7834246e+04
   8.7306152e+04
   5.2871386e+03
   4.4022600e+04
   9.9622722e+03
   6.1346750e+04
   8.9370030e+04
   2.0654970e+04
   2.2706916e+03
   1.7564190e+03
   8.0485570e+03
   1.6102679e+03
   4.7831546e+03
   1.3561292e+03
   7.8797194e+03
   5.9482446e+03
   7.9594702e+03
   1.3183317e+03
   4.2790478e+04
   6.3663434e+04
   2.4173146e+04
   1.1492139e+04
   1.9124669e+04
   3.3002120e+04
   1.4165289e+04
   5.1600548e+04
   9.0761218e+04
   7.7343620e+04
   7.4609092e+03
   3.7260132e+03
   2.6733376e+03
   7.5166368e+04
   9.0915332e+04
   2.8223674e+04
   7.5253090e+04
   2.5744514e+03
   1.5714051e+04
   6.7530616e+04
   4.5188976e+04
   5.0692674e+03
   3.7083740e+04
   2.8478932e+04
   1.7361516e+04
   4.8249760e+03
   4.4254524e+04
   7.0240090e+03
   1.5214736e+04
   7.8840002e+03
   1.3219428e+03
   6.7394870e+03
   4.8859160e+03
   8.3038014e+03
   9.7112096e+02
   2.5135526e+02
   8.5726304e+03
   2.1992560e+04
   1.0550953e+04
   5.4860464e+04
   4.7747590e+04
   4.9792604e+03
   1.8076016e+04
   2.2499182e+04
   5.3616956e+04
