   3.4741482e+04
   1.6649720e+04
   2.3976628e+04
   3.8183278e+04
   2.0857879e+04
   2.3644373e+05
   5.8075485e+04
   1.8889794e+05
   4.2568670e+04
   5.2534330e+04
   4.8693373e+04
   2.9096913e+04
   5.4628955e+04
   2.4332465e+04
   2.8789242e+04
   1.3830504e+05
   8.3197305e+04
   4.0870366e+04
   2.0584937e+04
   2.4339289e+05
   3.6721908e+04
   1.1340502e+04
   1.8647633e+05
   5.0915260e+04
   2.3249415e+04
   3.5653961e+04
   1.8322197e+05
   2.7812411e+04
   2.3196731e+04
   1.1598483e+04
   1.0739152e+05
   3.7094510e+04
   2.7119911e+04
   1.6500732e+05
   4.7490264e+04
   4.7909494e+04
   1.3731576e+04
   2.1721435e+05
   8.9175285e+03
   2.8308742e+04
   2.6120157e+05
   3.8928380e+05
   1.4951308e+04
   4.1584189e+04
   4.3779448e+05
   3.3209991e+04
   4.6555429e+04
   2.5888923e+04
   3.2700508e+05
   1.2399751e+05
   6.0850230e+03
   2.5356446e+04
   4.4616426e+05
   5.3660305e+03
   1.7407041e+04
   3.6999351e+05
   3.7388533e+04
   2.8236323e+05
   3.6544568e+04
   2.6283142e+04
   4.1425916e+05
   1.0485375e+04
   1.2494145e+04
   4.3625467e+05
   4.7312221e+04
   3.0930690e+05
   1.2464422e+04
   3.0006792e+05
   1.3610438e+04
   2.6233325e+05
   2.2420171e+04
   2.5191557e+05
   1.9004832e+04
   2.1321936e+04
   9.8752145e+03
   3.0532597e+05
   4.0022333e+04
   2.5531792e+05
   1.3908808e+05
   4.4602353e+04
   7.3886570e+03
   1.4823532e+05
   8.0987370e+03
   1.5248130e+04
   2.2899697e+05
   2.1081129e+04
   1.7679419e+05
   3.1651187e+04
   1.2305773e+04
   2.5309490e+04
   3.0961159e+05
   1.7214481e+04
   4.4376455e+04
   3.7380926e+05
   2.7866717e+04
   1.3898569e+05
   3.9823764e+04
   2.9828755e+05
   4.4748372e+05
   2.3316536e+05
