   4.1835033e+04
   2.6296854e+05
   4.9687790e+04
   6.9504885e+04
   3.4598848e+04
   2.8181453e+05
   1.6117381e+05
   2.3339605e+05
   1.8380458e+05
   3.8805178e+04
   1.1176269e+05
   5.9876925e+04
   8.6838965e+04
   1.1177888e+05
   1.9068385e+05
   1.7096222e+04
   2.5670867e+05
   2.5430300e+04
   2.2343452e+05
   2.2271742e+05
   1.5528514e+05
   4.0552396e+05
   1.6931482e+05
   5.4485225e+04
   1.0221217e+05
   1.7843378e+05
   1.1255262e+05
   1.8474091e+05
   4.7922264e+04
   6.3728115e+04
   4.2421252e+05
   4.3047987e+05
   2.6096783e+05
   3.1601896e+04
   1.0947706e+05
   1.6215557e+05
   3.7043135e+05
   1.1854530e+04
   2.4145591e+04
   8.0200565e+04
   2.9385639e+05
   3.3061646e+05
   1.9324695e+05
   5.5661050e+04
   2.4841895e+05
   1.3686276e+05
   3.3638830e+05
   8.9084980e+04
   3.1061507e+05
   8.6662465e+04
   1.6897564e+05
   2.8340026e+05
   3.5220121e+05
   4.1100967e+04
   4.1857676e+05
   3.5019214e+05
   2.2162227e+05
   1.9895707e+05
   2.0381877e+05
   1.4132552e+05
   2.3128635e+05
   2.3229335e+05
   3.6884433e+05
   3.0869998e+05
   2.9172157e+05
   1.7348117e+05
   2.6615330e+05
   2.4210739e+05
   1.6107356e+05
   4.2285570e+05
   3.9479455e+05
   2.4981958e+05
   2.8200141e+05
   2.6623490e+05
   9.7445320e+04
   1.3905461e+05
   2.1456089e+05
   1.0756723e+05
   3.8071741e+05
   9.1670110e+04
   1.0553520e+05
   8.0965080e+04
   1.0631062e+05
   1.9888592e+05
   1.4344052e+05
   4.1590394e+05
   1.9644229e+05
   8.7243260e+04
   4.0767203e+05
   4.4098803e+05
   2.0029714e+05
   5.4448055e+04
   1.1983879e+05
   1.8688033e+05
   2.6972876e+05
   1.2168423e+05
   2.7326517e+05
   3.2149102e+05
   1.0367730e+05
   5.7250855e+04
   1.3702077e+05
   1.4685635e+05
   1.9375421e+05
   2.3099694e+05
   4.3054529e+04
   1.2180460e+05
   3.6145151e+05
   1.8003023e+04
   4.1834009e+05
   3.2999723e+05
   2.2243100e+05
   2.6244365e+05
   1.1059120e+05
   2.0918773e+05
   4.3357440e+05
   2.4832855e+05
   2.3690545e+05
   1.0805950e+05
   2.2255950e+05
   2.8270674e+05
