   3.9577280e+05
   3.3015421e+05
   4.1393420e+05
   5.0800285e+04
   6.9881375e+03
   2.7252575e+05
   1.2826534e+05
   4.4364820e+05
   5.0993060e+04
   4.1056692e+05
   2.2033165e+05
   1.9583667e+05
   3.5664303e+05
   1.1708010e+05
   1.0490829e+05
   4.1745923e+04
   1.9186166e+05
   5.8330215e+04
   2.7661650e+05
   2.5104846e+05
   3.2271019e+05
   3.8728675e+04
   2.2182589e+05
   3.9551741e+05
   5.3044815e+04
   9.8947930e+04
   1.3727458e+05
   2.0866825e+05
   9.1721255e+03
   3.0759185e+05
   3.7241139e+05
   4.4494921e+05
   9.2310035e+04
   4.9622533e+04
   3.6824064e+05
   9.0920235e+04
   1.3890669e+05
   2.0643823e+05
   1.1191449e+05
   3.1137584e+05
   3.3406267e+05
   6.4248890e+04
   1.8622435e+05
   3.5318106e+05
   6.5928800e+04
   2.6317984e+05
   5.0446620e+04
   2.3959632e+05
   8.8553235e+04
   3.3259316e+05
   1.7443287e+05
   2.3112832e+05
   2.4439883e+05
   1.3984280e+05
   1.8610733e+04
   4.4982096e+05
   4.2021795e+05
   3.9951466e+05
   1.1766365e+05
   3.9354902e+05
   3.1234768e+05
   3.3519753e+05
   1.3718072e+05
   4.3276373e+04
   8.0570305e+04
   2.4146304e+05
   4.2619111e+05
   3.6671484e+05
   4.1681600e+05
   7.2415825e+04
   3.9376967e+05
   2.9932123e+05
   1.0667052e+05
   2.4533347e+05
   2.9470636e+05
   1.1155947e+05
   1.9691737e+05
   2.8036658e+05
   3.4465555e+05
   1.5242419e+05
   3.6984614e+05
   2.0809223e+05
   9.6485630e+04
   1.8692851e+05
   3.0086934e+05
   3.5218038e+05
   3.0978490e+05
   4.4678905e+05
   5.7220630e+04
   3.4778987e+05
   2.7460193e+05
   4.2482788e+05
   3.8107338e+05
   1.2287911e+05
   1.0152299e+05
   4.3656576e+05
   1.7243345e+05
   9.5421440e+04
   5.4977315e+04
   4.0540947e+05
   4.4086188e+05
   1.6834716e+05
   2.8933305e+05
   3.9973235e+05
   5.0867440e+04
   3.8826858e+05
   2.5553473e+05
   2.3384422e+05
   1.7121914e+05
   1.6302728e+05
   1.5414665e+05
   1.2752386e+05
   1.2285222e+04
   2.6235960e+04
   3.6036192e+05
   4.3018348e+05
   2.8044965e+05
   2.6111375e+05
   4.4358160e+05
   9.3424615e+04
   3.5778396e+05
   8.4131370e+04
   2.4789055e+05
   1.7357143e+05
   2.3841484e+05
   4.3326221e+05
   5.0662550e+03
   7.8967925e+04
   6.6481625e+04
   8.7730075e+04
   3.7860305e+05
   1.1548437e+05
   3.7458241e+05
   4.9292167e+04
   2.9714122e+05
   2.3915309e+05
   1.3895794e+05
   3.8997813e+05
   3.1182503e+05
   4.1018817e+05
   1.9740260e+05
   4.8861406e+04
   2.4699438e+05
   2.6003087e+05
   2.8462778e+05
   2.3700197e+05
   3.9472071e+05
   3.7378743e+05
   4.5144864e+04
   1.1827540e+04
   2.1687752e+05
   2.4965158e+05
   8.4285915e+04
   9.6407685e+04
   2.1755888e+04
   7.3400490e+04
   6.1239230e+04
   3.7319655e+05
   7.8630875e+04
   7.3948910e+04
   2.0945602e+05
   4.3989649e+05
   4.2000630e+05
   7.4811575e+04
   4.2634917e+05
   2.1262231e+05
   4.0548689e+05
   3.9465952e+05
   3.4502954e+05
   1.5042097e+04
   3.7398428e+05
   2.6656086e+05
   2.4335395e+05
   2.4315130e+05
   2.0491024e+05
   1.3752341e+05
   2.5017293e+05
   6.1255600e+04
   1.4778081e+05
   2.1539265e+04
