   3.2334761e+05
   2.7883026e+05
   1.5054839e+05
   1.8033192e+05
   7.7996975e+04
   1.9737104e+05
   4.0994926e+05
   1.8087441e+05
   2.8472207e+05
   2.1405054e+05
   4.2785846e+05
   6.8683835e+04
   3.2384603e+05
   4.3120461e+05
   1.9788989e+05
   4.4948622e+05
   2.7114216e+05
   2.6026404e+05
   9.4083805e+04
   3.6599287e+05
   3.3291142e+05
   3.5122102e+05
   3.0174747e+04
   1.3977211e+04
   3.7085779e+05
   3.9434005e+05
   3.8752691e+05
   1.1624354e+05
   1.7753019e+04
   1.5084326e+05
   3.5540061e+05
   3.1563404e+05
   2.6787501e+05
   2.6609416e+05
   2.3167719e+04
   2.1864363e+05
   3.9618809e+05
   3.0446534e+04
   3.1411518e+04
   4.2870586e+05
   2.3103643e+05
   4.1329217e+05
   8.8864175e+04
   3.3284198e+05
   4.3216366e+05
   3.9245085e+05
   2.5598844e+05
   2.9975772e+05
   2.0648438e+05
   2.1267390e+05
   9.5856195e+04
   4.0291235e+05
   8.3632185e+04
   2.5106439e+05
   3.8076560e+05
   3.2847146e+05
   1.9939505e+04
   1.5473488e+05
   3.6826619e+05
   1.9347186e+05
   4.2726087e+05
   4.3503153e+05
   1.8429147e+05
   1.5169992e+05
   2.5545655e+04
   6.2693675e+04
   2.4894333e+05
   2.5284055e+05
   3.1210767e+05
   1.0915552e+05
   3.4838655e+05
   9.8696940e+04
   1.0522695e+05
   3.3146685e+05
   4.8654548e+04
   1.9870864e+05
   2.9928350e+05
   1.0482863e+05
   4.4308998e+05
   2.2808311e+05
   1.1247882e+05
   1.1280010e+05
   1.1850029e+05
   1.1978475e+05
   4.4021310e+05
   2.9255911e+05
   1.0250275e+05
   4.1877711e+05
   9.2666265e+04
   9.0763005e+04
   4.1381722e+04
   3.2579917e+05
   8.9901640e+04
   1.4448067e+05
   8.5195575e+04
   4.2660066e+05
   2.6848403e+05
   2.1724167e+05
   2.2538792e+05
   3.1952741e+05
   5.5241560e+04
   2.4779338e+05
   2.6102200e+05
   6.2530900e+04
   1.9800716e+05
   8.6622095e+04
   7.7514610e+04
   9.5494460e+04
   1.3542904e+04
   2.2178725e+05
   2.9474553e+05
   4.4294284e+05
   5.3431460e+04
   1.6374882e+05
   4.1603009e+05
   5.8296760e+04
   2.3749407e+05
   3.5667384e+05
   1.0334409e+05
   1.3870470e+05
   7.2109705e+04
   6.0784425e+04
   1.8787255e+05
   3.5626001e+05
   5.8949700e+04
   3.9748949e+05
   2.4806605e+05
   1.5520855e+05
   2.8429071e+05
   2.2886373e+05
   2.0034413e+05
   2.8067054e+04
   4.3732853e+05
   1.1262786e+05
   1.1072090e+05
   3.0724273e+05
   8.8462310e+04
   2.7943697e+05
   1.1460103e+04
   4.2729898e+05
   1.1011179e+04
   1.9412333e+05
   1.3263605e+05
   3.8893324e+05
   1.9458683e+05
   1.5689692e+05
   1.2057178e+05
   1.0934929e+05
   4.3699440e+04
   3.5583324e+05
   2.1031351e+05
   3.2815734e+05
   2.4054894e+05
   3.0347413e+05
   4.4285159e+05
   2.6564825e+05
   1.8951450e+05
   3.5008791e+05
   7.4586580e+04
   7.9114650e+04
   1.2307740e+05
   5.3681260e+04
   4.1053478e+05
   3.8187282e+05
   2.2145302e+05
   3.7931062e+05
   5.1100430e+04
   2.8284580e+05
   3.2359067e+05
   2.0147123e+05
   3.0866571e+05
   1.9976013e+05
   1.5268107e+04
   3.7834423e+05
   3.4134431e+05
   3.3613510e+05
   4.4946561e+05
   8.2532045e+04
   2.4466420e+05
   5.1969280e+04
   2.2654377e+05
   8.9800955e+04
   4.5747728e+04
   8.4843125e+04
   2.8729744e+05
   2.4243450e+05
   1.6024130e+05
   4.7418925e+04
   2.6040211e+05
   7.2931580e+04
   4.2039146e+05
   2.5524764e+05
   3.9521926e+05
   6.9987105e+04
   3.9050423e+05
   1.7800915e+05
   1.0093409e+05
   2.8892251e+05
   9.0108890e+04
   5.1005395e+04
   3.9982667e+05
   1.1200680e+05
   1.1863732e+05
   1.6069807e+05
   3.2747056e+05
   4.3227029e+05
   1.8896472e+05
   1.8811861e+05
   4.1325879e+05
   8.1871475e+04
   3.8211447e+05
   1.7008567e+05
   2.8702886e+04
   3.3724842e+04
   1.7341070e+05
   3.7631491e+05
   5.8888020e+04
   3.9214020e+05
   6.4743400e+04
   1.9023944e+05
   3.9471297e+05
   1.3877397e+05
   3.7998504e+05
   3.1148464e+04
   3.3879400e+05
   7.5381395e+04
   4.1756518e+05
   4.4796302e+05
   2.4560862e+05
   2.2310050e+05
   6.4108805e+03
   2.6927547e+04
   1.6092774e+05
   1.4722610e+05
   2.7307007e+05
   4.3260659e+05
   4.2919094e+05
   4.3087751e+05
   1.7864580e+05
   8.5435895e+04
   2.1258900e+05
   4.2256791e+05
   1.8764342e+05
   2.4050974e+05
   4.0967214e+05
   2.4400188e+04
   1.0657546e+04
   1.6747801e+05
   2.1608013e+04
   9.0994595e+04
   4.1194329e+05
   4.2182265e+05
   2.6068609e+05
   1.0296233e+05
   1.1757710e+05
   3.4499541e+05
   3.1322394e+04
   3.4404452e+04
   4.4558802e+05
   1.2968096e+05
   1.7506667e+05
   1.5866135e+04
   4.4962634e+05
   3.6128251e+05
   4.0130434e+05
   2.5310176e+05
   1.1218397e+05
   4.3962163e+05
   1.6080269e+05
   7.6094845e+03
   3.1268560e+05
   1.3201205e+05
   3.8703793e+05
   3.3338296e+05
   4.2266448e+04
   3.4116601e+05
   1.2171953e+05
   3.3666186e+05
   2.3949883e+05
   1.3300889e+05
   3.4493700e+05
   4.1515016e+05
   5.3038610e+03
   1.5910860e+05
   3.8218194e+05
   2.4575530e+05
   1.4248861e+05
   2.5065140e+05
   2.4050055e+05
   4.3056026e+05
   2.4131048e+05
   2.9196658e+05
   9.6050165e+04
   5.1349265e+03
   2.4682899e+05
   3.4318450e+04
   1.6984711e+05
   5.6253170e+04
   2.2854011e+05
   3.2427347e+05
