   5.6835705e+04
   2.0469030e+05
   3.2226763e+05
   3.7739644e+05
   4.2687109e+05
   3.8742022e+05
   4.0811044e+05
   2.2025052e+05
   1.7738688e+05
   1.5991445e+05
   4.4106908e+05
   2.8200263e+05
   5.2920630e+04
   8.2561040e+04
   2.3488832e+05
   4.3244600e+05
   4.0447976e+05
   2.4303467e+05
   4.3062117e+05
   3.8206588e+05
   1.0902844e+04
   6.5414960e+04
   1.6531329e+05
   9.1498555e+04
   1.7378240e+05
   1.7113123e+05
   3.1460359e+05
   4.1251114e+05
   2.0610915e+05
   1.8268991e+05
   2.8344000e+05
   1.3001736e+05
   1.6091944e+05
   3.6563923e+05
   1.3652520e+05
   1.5818475e+05
   1.7695005e+05
   6.2954570e+03
   2.4537845e+05
   6.4488285e+04
   2.8789180e+05
   1.1529565e+05
   9.5754625e+04
   2.6192261e+05
   4.2769404e+05
   3.9514640e+05
   3.5716875e+05
   1.2841580e+05
   3.5094125e+05
   2.0516752e+05
   4.4592392e+05
   4.3149588e+05
   4.1168265e+05
   2.2650964e+05
   2.1962688e+05
   6.4991695e+04
   4.3738639e+05
   1.4016478e+04
   3.6409155e+05
   2.2114802e+05
   7.3142685e+04
   2.9645912e+05
   4.0266968e+05
   1.3808048e+05
   6.0760140e+04
   1.1000707e+05
   1.2796904e+04
   3.4971307e+05
   7.6458025e+04
   1.7954595e+05
   4.1601757e+05
   3.0860733e+05
   3.1378972e+05
   3.6344191e+05
   2.5922182e+05
   5.5125360e+04
   3.2194398e+05
   1.4730036e+05
   2.2443589e+05
   4.0140312e+05
   2.5826158e+05
   1.6443464e+05
   1.3279270e+05
   2.9466906e+05
   6.9506275e+04
   1.4695436e+05
   4.0854796e+04
   4.0494769e+05
   6.6773360e+04
   2.4135601e+05
   1.3314056e+05
   1.2541694e+05
   2.2054825e+05
   2.5236077e+05
   2.3600259e+05
   3.3618323e+05
   3.3302817e+05
   3.0370148e+05
   3.1474058e+05
   9.4367985e+04
   3.5596466e+05
   1.6067728e+05
   3.2693126e+05
   1.4255894e+05
   4.4323586e+05
   2.5273461e+05
   4.3683944e+05
   2.1649736e+05
   1.7729735e+05
   2.2549949e+05
   1.3629533e+05
   4.4505472e+05
   2.1086692e+05
   3.5760196e+05
   4.1554933e+05
   3.1592158e+05
   2.5899666e+05
   2.2644725e+04
   8.9525160e+04
   1.8426127e+05
   3.0285103e+05
   2.4427530e+05
   1.4879191e+04
   2.6085048e+05
   4.1532772e+05
   3.2630534e+05
   4.1642804e+05
   8.0172940e+04
   1.6002079e+05
   4.0447362e+05
   1.1360522e+05
   2.2054242e+05
   7.6956745e+04
   3.1339899e+05
   3.4828276e+05
   1.9143811e+05
   4.2627764e+05
   1.7634505e+05
   4.2321684e+05
   2.3759568e+04
   2.0007264e+05
   5.0417610e+04
   1.0350995e+05
   4.4194250e+05
   2.8601170e+05
   1.1004517e+05
   5.1398285e+04
   1.4967277e+05
   2.1522530e+05
   4.3618990e+05
   1.0403657e+05
   1.9672806e+05
   2.4846066e+05
   1.9417095e+05
   1.8692317e+05
   1.5979272e+05
   2.4158385e+04
   3.1693521e+05
   4.0655299e+05
   6.4315340e+04
   9.1687945e+04
   6.7806865e+03
   3.8621002e+05
   3.9757436e+05
   2.5660724e+05
   3.7712027e+05
   3.1254794e+05
   3.5892982e+05
   3.3844903e+05
   2.1376665e+05
   3.8726736e+05
   1.8263902e+05
   2.6814000e+05
   3.5486592e+05
   3.2289393e+05
   3.8764754e+05
   4.4405095e+05
   3.9908599e+05
   3.4292064e+04
   1.9366280e+05
   1.4058394e+05
   3.5478551e+05
   5.1236385e+04
   1.1387907e+05
   3.7369066e+05
   2.4913998e+05
   2.1752129e+05
   3.7764384e+05
   3.1863340e+05
   4.4799828e+05
   2.2687470e+05
   1.8218492e+05
   1.7398117e+05
   1.6475472e+05
   3.2591246e+05
   1.5076645e+05
   2.0843885e+05
   3.2844338e+05
   4.4157832e+05
   1.0655959e+05
   3.4925058e+04
   1.5203289e+05
   1.2920722e+04
   2.2055336e+05
   2.2415605e+05
   3.8195846e+05
   3.2601207e+05
   3.6274870e+05
   4.0139896e+05
   2.5667017e+05
   3.5595800e+05
   3.8532094e+04
   1.1594888e+05
   2.6307730e+05
   1.6754480e+05
   2.9912219e+05
   2.8754929e+05
   2.3375804e+05
   3.7496316e+05
   1.6565499e+04
   1.0136560e+05
   2.7294519e+05
   1.9447131e+05
   1.8289795e+05
   3.0944789e+05
   1.5709912e+05
   4.4617593e+05
   1.5800297e+05
   2.4051615e+05
   3.1912094e+04
   6.7605460e+04
   2.0584129e+05
   1.0170924e+05
   3.2430662e+05
   4.7911457e+04
   2.2352708e+05
   2.9258315e+05
   2.1118563e+05
   9.4028505e+04
   8.8967475e+04
   1.8600057e+05
   1.5916752e+04
   1.2556369e+05
   3.3041128e+05
   3.7313903e+05
   1.3861433e+05
   1.4273157e+05
   2.4045199e+05
   2.8530567e+05
   4.4465520e+05
   1.6341831e+05
   4.0485536e+05
   1.9438019e+05
   2.9241696e+05
   1.6618013e+05
   2.2554663e+05
   3.6653795e+05
   2.4507424e+05
   2.4735742e+05
   2.4163476e+05
   3.6352747e+05
   3.9965683e+05
   2.8132393e+05
   2.9713679e+05
   2.7990477e+05
   3.6330014e+05
   1.0289214e+05
   3.2598469e+05
   4.3958242e+05
   1.8156209e+05
   1.4956861e+05
   4.1873979e+05
   1.9257717e+05
   2.0883529e+05
   1.0797384e+05
   3.6598517e+05
   1.4358682e+05
   2.8469642e+05
   1.8029646e+05
   4.1611888e+04
   2.0656063e+05
   2.9705956e+05
   1.7824039e+05
   3.7054849e+05
   3.2460134e+05
   3.0808811e+05
   1.8546474e+05
   1.6607319e+05
   1.5739651e+05
   4.2542097e+05
   1.0656186e+05
   3.4414554e+05
   4.4748430e+05
   2.4938075e+05
   3.5904231e+04
   4.4708891e+05
   4.2236846e+05
   1.1385364e+05
   3.3458176e+04
   1.3528797e+04
   1.3146914e+05
   2.3010412e+05
   5.6044995e+04
   1.9286032e+04
   3.1827090e+05
   3.0446550e+05
   7.1351050e+04
   1.2187048e+04
   4.4913497e+05
   1.6972297e+05
   4.4171076e+04
   1.2406629e+05
   1.6289623e+04
   6.1315890e+04
   4.0108908e+05
   1.1895748e+04
   4.2182209e+05
   2.8814368e+05
   3.0089961e+04
   1.6369607e+05
   1.9835336e+05
   3.3896566e+05
   1.0156619e+05
   4.4784136e+05
   1.1639922e+05
   4.3052434e+05
   1.5536776e+05
   9.4362070e+04
   4.0029322e+05
   5.5785185e+04
   7.0684805e+04
   1.9920179e+05
   4.6264088e+04
   1.0539433e+05
   7.0108435e+03
   4.3263021e+05
   1.4831756e+04
   3.5382889e+05
   2.4840644e+05
   4.1918688e+05
   4.1966251e+05
   1.1988186e+05
   1.3823575e+05
   2.9662436e+05
   3.4146605e+05
   5.7897615e+04
   3.0120429e+05
   3.2163767e+05
   1.0693155e+05
   1.0617227e+05
   1.5706024e+04
   4.0278742e+05
   2.8516285e+05
   2.8059028e+05
   1.2159471e+05
   1.7506343e+05
   4.3081858e+05
   1.0573669e+05
   4.4047522e+05
   4.2594499e+05
   2.3874550e+05
   3.7598090e+05
   3.1260883e+05
   3.8158429e+05
   2.4959420e+05
   4.1740664e+04
   2.9988347e+04
   3.2516865e+05
   2.8538830e+05
   5.0092925e+04
   1.1905207e+05
   2.2924827e+05
   1.0589347e+05
   3.6597827e+05
   2.1207085e+05
   1.8733077e+05
   4.0452742e+05
   3.0265137e+05
   3.9574411e+05
   2.0002457e+05
   1.1238383e+05
   1.5229045e+05
   1.1316255e+05
   1.5693029e+05
   3.0541222e+05
   1.0533760e+05
   2.9174969e+05
   4.1212264e+05
   3.1724504e+05
   4.3068979e+05
   2.5652332e+05
   3.7022476e+05
   4.4057173e+04
   4.4386228e+05
   3.6600881e+05
   3.1143618e+05
   2.7127564e+05
   3.3311605e+05
   1.4930301e+05
   2.0827395e+05
