   3.9577280e+05
   3.3015421e+05
   4.1393420e+05
   5.0800285e+04
   6.9881375e+03
   2.7252575e+05
   1.2826534e+05
   4.4364820e+05
   5.0993060e+04
   4.1056692e+05
   2.2033165e+05
   1.9583667e+05
   3.5664303e+05
   1.1708010e+05
   1.0490829e+05
   4.1745923e+04
   1.9186166e+05
   5.8330215e+04
   2.7661650e+05
   2.5104846e+05
   3.2271019e+05
   3.8728675e+04
   2.2182589e+05
   3.9551741e+05
   5.3044815e+04
   9.8947930e+04
   1.3727458e+05
   2.0866825e+05
   9.1721255e+03
   3.0759185e+05
   3.7241139e+05
   4.4494921e+05
   9.2310035e+04
   4.9622533e+04
   3.6824064e+05
   9.0920235e+04
   1.3890669e+05
   2.0643823e+05
   1.1191449e+05
   3.1137584e+05
   3.3406267e+05
   6.4248890e+04
   1.8622435e+05
   3.5318106e+05
   6.5928800e+04
   2.6317984e+05
   5.0446620e+04
   2.3959632e+05
   8.8553235e+04
   3.3259316e+05
