   1.5726911e+05
   2.9721273e+04
   3.2582710e+04
   1.3452877e+05
   3.9438551e+04
   4.6501340e+04
   4.9720124e+04
   2.5470378e+04
   1.1093888e+05
   3.7998071e+05
   3.0605025e+05
   3.5693848e+05
   2.4128150e+04
   3.4163585e+05
   2.4049055e+05
   1.2810241e+05
   4.5351931e+04
   1.3917123e+05
   4.3653076e+05
   2.6435693e+04
   2.2011300e+05
   4.9811361e+04
   3.0673375e+05
   4.4685015e+05
   1.0327485e+05
   1.1353458e+04
   8.7820950e+03
   4.0242785e+04
   8.0513395e+03
   2.3915773e+04
   6.7806460e+03
   3.9398597e+04
   2.9741223e+04
   3.9797351e+04
   6.5916585e+03
   2.1395239e+05
   3.1831717e+05
   1.2086573e+05
   5.7460695e+04
   9.5623345e+04
   1.6501060e+05
   7.0826445e+04
   2.5800274e+05
   4.5380609e+05
   3.8671810e+05
   3.7304546e+04
   1.8630066e+04
   1.3366688e+04
   3.7583184e+05
   4.5457666e+05
   1.4111837e+05
   3.7626545e+05
   1.2872257e+04
   7.8570255e+04
   3.3765308e+05
   2.2594488e+05
   2.5346337e+04
   1.8541870e+05
   1.4239466e+05
   8.6807580e+04
   2.4124880e+04
   2.2127262e+05
   3.5120045e+04
   7.6073680e+04
   3.9420001e+04
   6.6097140e+03
   3.3697435e+04
   2.4429580e+04
   4.1519007e+04
   4.8556048e+03
   1.2567763e+03
   4.2863152e+04
   1.0996280e+05
   5.2754765e+04
   2.7430232e+05
   2.3873795e+05
   2.4896302e+04
   9.0380080e+04
   1.1249591e+05
   2.6808478e+05
