   2.5991306e+08
   8.5021677e+08
   8.4476239e+08
   7.2716007e+08
   2.0394816e+08
   1.0185369e+08
   1.3277389e+09
   9.0944311e+08
   5.7889139e+08
   4.2002739e+08
   5.2275629e+08
   1.3827584e+09
   1.7273881e+08
   1.0813059e+09
   1.3715662e+09
   1.0485659e+09
   1.3788701e+09
   2.7256553e+08
   1.3376622e+09
   1.3231565e+09
   1.0855933e+09
   5.4969462e+08
   1.4117289e+09
   1.3546824e+09
   6.3280348e+08
   9.6616573e+08
   8.5101902e+08
   5.4571341e+08
   1.0265284e+09
   9.6814345e+08
   1.7747207e+09
   7.3375017e+08
   9.8343873e+08
   9.1705355e+08
   9.0994472e+08
   9.8585272e+08
   8.3931905e+08
   1.0172230e+09
   1.3377434e+08
   1.2227931e+09
   9.9185829e+08
   2.7818065e+08
   9.8784773e+08
   6.4081719e+08
   8.6807715e+08
   6.3516248e+08
   1.1380125e+09
   8.2379954e+08
   6.5855994e+08
   4.2692129e+08
   1.3773433e+09
   2.0552117e+08
   5.4865469e+08
   7.0676435e+08
   1.5442742e+08
   5.0357062e+08
   1.0230857e+09
   4.0996419e+08
   8.7033190e+08
   4.4747788e+08
   5.2345266e+08
   9.0119141e+08
   1.3976000e+09
   5.3199583e+08
   1.5107135e+09
   9.9194879e+08
   9.6285697e+08
   8.4870499e+08
   9.1705282e+08
   6.0113679e+08
   6.7064710e+08
   1.3398513e+09
   8.5085644e+08
   9.5025341e+08
   6.6150273e+08
   4.8475923e+08
   6.7034649e+08
   1.0934363e+09
   1.2193722e+09
   1.2448822e+09
   1.1384615e+09
   7.7400121e+08
   8.5716780e+08
   1.5821559e+08
   7.9884042e+08
   8.9465777e+08
   1.3275490e+09
   6.9622373e+08
   2.3208935e+07
   1.0159164e+09
   1.1907792e+09
   1.3393676e+09
   1.4751110e+09
   7.2611873e+08
   8.2985880e+08
   9.3981534e+08
   7.8020321e+08
   7.3828536e+08
   8.6999675e+08
   8.5150165e+08
   1.1961135e+09
   8.2772489e+08
   7.4774509e+08
   5.1618504e+08
   8.9967281e+08
   1.7801980e+09
   5.6869309e+08
   6.8059458e+08
   1.3474143e+09
   6.1413375e+08
   1.2967222e+09
   1.1585497e+09
   4.6425904e+08
   1.3530230e+09
   7.2444548e+08
   5.3897186e+08
   6.5923927e+08
   5.2514641e+08
   1.7547388e+09
   5.9336451e+08
