   1.1247408e+09
   1.0096118e+09
   7.6556655e+08
   7.5194714e+08
   6.2725997e+08
   4.9164990e+08
   8.1461715e+08
   5.8847734e+08
   1.2181084e+09
   4.1864360e+08
   6.0144036e+08
   6.3378657e+08
   5.1442020e+08
   8.1524083e+08
   5.4668065e+08
   1.1176614e+09
   7.9117555e+08
   1.2186156e+09
   1.0776861e+09
   5.4922961e+08
   7.7302337e+08
   1.0632928e+09
   4.4067132e+08
   3.7202757e+08
   5.4037811e+08
   3.6818791e+08
   9.8210628e+08
   1.1130470e+09
   1.4709611e+08
   8.0944202e+08
   9.8876229e+08
   5.9944335e+08
   1.3776022e+09
   8.1290126e+08
   8.5628734e+08
   7.0015411e+08
   1.2624126e+09
   1.2008816e+09
   1.3009413e+09
   9.3942487e+08
   9.8708586e+08
   1.0850024e+09
   7.5774198e+08
   1.3120248e+09
   6.0017273e+08
   3.8478124e+08
   5.5659929e+08
   1.1980774e+09
   9.1631743e+08
   9.2242815e+08
   1.2307628e+09
   1.2870100e+09
   8.5091525e+08
   9.9312677e+08
   8.3698826e+08
   2.9769007e+08
   1.3059017e+09
   7.6273013e+08
   1.1163252e+09
   1.2209792e+09
   1.0353015e+09
   1.3366160e+09
   3.5361436e+08
   7.0837678e+08
   8.0573257e+08
   8.1122054e+08
   1.0876962e+09
   1.2852149e+09
   8.4792222e+08
   1.1911892e+09
   7.2346556e+08
   1.1395081e+09
   5.3100047e+08
   1.2621849e+09
   6.5860475e+08
   8.4159617e+08
   8.7517660e+08
   5.6228866e+08
   5.8335979e+08
   9.3032486e+08
   4.2485042e+08
   6.4835319e+08
   1.1791845e+09
   1.0274998e+09
   7.4277046e+08
   8.7252057e+08
   7.9341904e+08
   1.0094832e+09
   9.5295350e+08
   1.4094709e+09
   3.4881768e+08
   1.0180234e+09
   4.5854449e+08
   1.2129008e+08
   1.1556710e+09
   6.7560207e+08
   7.4282852e+08
   6.5766712e+08
   5.7410076e+08
   2.7513084e+08
   1.2614940e+09
   1.4075315e+09
   5.8601695e+08
   1.0487619e+09
   1.2717375e+09
   3.1628695e+08
   9.9977910e+08
   1.2836318e+09
   5.0915745e+08
   5.5981590e+08
   9.8827278e+08
   1.2659141e+09
   1.6066296e+09
   1.2222795e+09
   6.2351733e+08
   1.1691370e+09
   1.3281546e+09
   1.2321845e+09
   9.9231369e+08
   1.0447492e+09
   9.5940095e+08
   3.1476245e+08
   9.3442560e+08
   3.4730180e+08
   8.2036029e+08
   6.1204527e+08
   9.2687851e+08
   1.1297205e+09
   1.1362776e+09
   8.0349056e+08
   1.2394515e+09
   5.1125792e+08
   5.2929115e+08
   7.7449392e+08
   1.9808220e+08
   7.6660381e+08
   5.8356488e+08
   4.7659591e+08
   8.1781038e+08
   1.4061742e+09
   6.1944947e+08
   9.3173592e+08
   1.2380150e+09
   7.2838736e+08
   6.2811044e+08
   6.8745815e+08
   1.1349395e+09
   1.0352563e+09
   3.3535134e+08
   8.1896493e+08
