   1.4009153e+08
   7.7582586e+08
   6.2724262e+08
   7.2911100e+08
   1.8864971e+08
   1.0644394e+09
   5.9382603e+08
   6.6681344e+08
   5.7159308e+08
   1.0808948e+09
   5.0571473e+08
   9.4506066e+08
   8.0754497e+08
   1.1344659e+09
   8.3350152e+08
   1.1605863e+09
   1.5301234e+09
   4.5390087e+08
   1.3392135e+09
   9.6141258e+08
   1.1410261e+09
   1.0359011e+09
   1.2111786e+09
   8.7268327e+08
   9.4121217e+08
   9.8600139e+08
   1.1551436e+08
   7.6736435e+08
   8.9469035e+08
   1.2014229e+09
   1.2389917e+09
   1.1735090e+09
   9.7857126e+08
   5.3315800e+08
   8.8274144e+08
   2.8351435e+08
   7.9713168e+08
   4.3670904e+08
   5.5558075e+08
   1.1790619e+09
   9.1371519e+08
   8.1551175e+08
   1.1436968e+09
   1.0852458e+09
   3.9870819e+08
   1.1601032e+09
   3.3076362e+08
   8.0152016e+08
   8.1039548e+08
   9.9499923e+08
   9.4008177e+08
   9.8595837e+08
   3.5431197e+08
   1.3120021e+09
   6.1747923e+08
   7.7886703e+08
   1.1134638e+09
   1.2257238e+09
   1.0263677e+09
   5.1464582e+08
   6.0360626e+08
   9.4583502e+08
   9.5217057e+08
   4.8992400e+08
   7.7419168e+08
   1.2437159e+09
   7.2165903e+08
   6.7464455e+08
   7.5350052e+08
   6.9370225e+08
   5.5811138e+08
   5.6045461e+08
   9.0757476e+08
   8.8992914e+08
   6.4343054e+08
   1.0759243e+09
   7.7641984e+08
   2.9977376e+08
   4.8491186e+08
   1.1804300e+09
   4.1968697e+08
   7.7089716e+08
   1.2729676e+09
   5.7089843e+08
   1.3405062e+09
   1.1640757e+09
   8.7850300e+08
   1.0600448e+09
   1.0126598e+09
   1.2022977e+09
   5.9820042e+08
   1.1628373e+09
   1.2649091e+09
   1.2225065e+09
   1.1006390e+09
   4.0461945e+08
   3.1938223e+08
   9.3533931e+08
   1.2020809e+09
   8.3097197e+08
   1.0631669e+09
   1.3423532e+09
   7.3621273e+08
   9.9882090e+08
   9.6153507e+08
   3.5065515e+08
   5.3009456e+08
   1.2495474e+09
   2.6202937e+08
   5.3551301e+08
   7.7259099e+08
   5.9739045e+08
   5.8290026e+08
   7.6522910e+08
   1.0333356e+09
   1.2056325e+09
   4.8691230e+08
   7.5563718e+08
   5.4676263e+08
   7.7996660e+08
   5.2307582e+08
   7.3009887e+08
   3.3677558e+08
   7.0745573e+08
   8.8736754e+08
   5.7280034e+08
   5.2064824e+08
   5.8995188e+08
   6.2634964e+08
   5.0408681e+08
   1.0821691e+09
   6.8901482e+08
   7.2640965e+08
   1.2240142e+09
   4.6823800e+08
   1.1721550e+09
   3.3220731e+08
   7.0740044e+08
   3.6645832e+08
   8.8602368e+08
   6.5472205e+08
   1.1230329e+09
   1.0711817e+09
   7.1614013e+08
   9.4167837e+08
   7.8129551e+08
   3.0122567e+08
   9.6954606e+08
   5.5577608e+08
   7.3761326e+08
   1.3010369e+09
   7.6777334e+08
   8.3931135e+08
   1.1509376e+09
   1.0405397e+09
   7.6865443e+08
   7.1680276e+08
   8.5612353e+08
   1.2256412e+09
   1.3152045e+09
   1.1720858e+09
   1.2322738e+09
   5.8567576e+08
   7.4347200e+08
   1.6173220e+09
   9.7545294e+08
   9.5275566e+08
   8.9656192e+08
   5.8658938e+08
   8.4173173e+08
   9.6344658e+08
   1.0098756e+09
   1.0256015e+09
   1.4781380e+09
   1.3459891e+09
   4.7716471e+08
   2.8299183e+08
   8.7756999e+08
   1.2824963e+09
   7.3110430e+08
