   2.0180113e+08
   1.2971028e+09
   7.2811639e+08
   8.0294166e+08
   9.4732185e+08
   9.5261321e+08
   5.9512982e+08
   8.9299024e+07
   1.4346941e+09
   5.7031004e+08
   1.4916190e+09
   8.4528222e+08
   1.2601168e+09
   5.5023576e+08
   6.2265835e+08
   8.8021287e+08
   1.0280660e+09
   1.2792216e+09
   1.0136571e+09
   1.8874406e+08
   9.2250829e+08
   1.2425511e+09
   5.8206381e+08
   8.8777152e+08
   1.3333569e+09
   1.0467255e+09
   3.0929546e+08
   1.0173967e+09
   1.4032606e+09
   1.4562729e+09
   9.0417503e+08
   8.8691714e+08
   9.6386255e+08
   1.4337577e+09
   6.4615219e+08
   4.2668500e+08
   3.6421072e+08
   1.3519823e+09
   1.1042480e+09
   9.0887610e+08
   1.4801230e+09
   4.6456945e+08
   5.0563807e+08
   1.4905194e+09
   8.2412904e+08
   7.9095452e+08
   2.0551810e+08
   8.9764597e+08
   6.4913529e+08
   3.3745419e+08
   6.3019151e+08
   1.2552085e+09
   7.0473481e+08
   8.4401837e+08
   1.3400230e+09
   1.3615171e+09
   9.2851707e+08
   2.7758185e+08
   8.9498504e+08
   1.1878406e+09
   1.1408690e+09
   1.4447328e+08
   8.5621017e+08
   9.0836028e+08
   1.2436348e+09
   8.9392891e+08
   8.8312686e+08
   4.6435596e+08
   1.3544630e+08
   5.2533423e+08
   8.1422992e+08
   9.8586564e+08
   1.0925281e+09
   6.3342213e+08
   4.0287000e+08
   6.0600509e+08
   1.2490363e+09
   7.4453297e+08
   7.0643891e+08
   1.3112174e+09
   2.1133373e+08
   1.2746203e+09
   1.4657345e+09
   1.3813539e+09
   5.8972930e+08
   1.9420834e+08
   9.6852405e+08
   4.0290009e+08
   9.1979776e+08
   1.6585081e+09
   1.0409711e+09
   9.2242519e+08
   1.3577728e+09
   2.8209153e+08
   1.3904992e+09
   2.6304304e+08
   5.2445342e+08
   1.0535924e+09
   5.3191360e+08
   9.1953286e+08
   2.2385708e+08
   3.1835987e+08
   1.4532149e+09
   5.4902796e+08
   9.9374994e+08
   7.9130994e+08
   3.0346202e+08
   1.4840711e+09
   8.8326964e+08
   1.4071863e+09
   7.1585562e+08
   2.8338189e+08
   1.6766564e+09
   6.0842636e+08
   4.9314367e+08
   4.8543704e+08
   2.7908524e+08
   4.5652809e+08
   1.2920562e+08
   1.2323871e+09
   1.8392889e+08
   5.4374266e+08
   1.6672176e+08
   1.4411762e+09
   8.5630141e+08
   1.1117147e+08
   3.4239555e+08
   1.3002901e+09
   1.6925355e+08
   8.8126353e+08
   8.2969903e+08
   9.7638221e+08
   1.2909644e+09
   8.3351142e+08
   4.0350114e+08
   7.8531059e+08
   5.3711830e+08
   9.7748062e+08
   4.8381714e+08
   1.1283993e+09
   5.9599356e+08
   2.7871551e+08
   9.5077083e+08
   9.3646425e+08
   1.4386608e+09
   1.8343759e+08
   1.2751564e+09
   1.2429071e+08
   1.3823407e+09
   1.2554732e+09
   9.6269949e+08
   4.3738799e+08
   1.2846571e+09
   8.7639181e+08
   8.0262438e+08
   7.4323104e+08
   1.1200017e+09
   1.0055596e+08
   1.8820022e+08
   4.4044910e+08
   4.3320289e+08
   1.0474881e+09
   6.0872408e+08
   8.8099388e+08
   1.2393630e+09
   1.4623802e+09
   1.4456661e+09
   8.7201699e+08
   8.0502892e+08
   9.8710827e+08
   2.5183330e+08
   5.9008463e+08
   1.4057172e+09
   1.2770724e+09
   5.5419073e+08
   1.0469067e+09
   1.1655732e+09
   1.3261199e+09
   4.8692197e+08
   1.1807349e+09
   8.5083012e+08
   3.4733969e+08
   1.1914264e+08
   2.9879302e+08
   1.1446205e+09
   1.3040060e+09
   9.3482156e+08
   3.0438232e+08
   1.0491206e+08
   1.6452077e+08
   6.5969098e+08
   2.1592591e+08
   1.5053138e+08
   9.5973886e+08
   7.9534698e+08
   7.9537608e+08
   9.2448044e+08
   1.2059237e+09
   1.4462588e+09
   2.0079738e+08
   5.5905051e+08
   1.3317485e+09
   8.5357173e+08
   9.6657136e+08
   5.6034037e+08
   1.0404548e+08
   1.7138327e+08
   5.4211036e+08
   9.5958247e+08
   4.0457662e+08
   1.4511096e+09
   7.6812554e+08
   3.3428850e+08
   3.2569879e+08
   2.4997879e+08
   3.6820180e+08
   9.2727784e+08
   1.4518605e+09
   1.1224845e+09
   3.4878391e+08
   1.3458016e+09
   6.6740306e+08
   1.1600786e+09
   8.4279090e+08
   1.4275684e+09
   1.0890333e+09
   6.7209409e+08
   8.1372117e+08
   9.8902081e+08
   1.6511633e+08
   8.8514092e+08
   2.1728616e+08
   1.0612601e+09
   9.5130746e+08
   2.7063230e+08
   3.3359054e+08
   2.7985431e+08
   9.6459009e+08
   9.7568504e+08
   1.2990273e+09
   1.2492868e+09
   8.0109315e+08
   1.0965670e+09
   4.2711227e+08
   2.3115672e+08
   6.4016591e+08
   8.4867428e+08
   1.2578804e+09
   6.6059299e+08
   1.7415404e+09
