   1.0586501e+09
   6.1575016e+08
   4.1253403e+08
   1.4044258e+08
   1.0887545e+09
   1.4215810e+09
   1.2891221e+09
   4.4379131e+08
   1.2609146e+09
   2.0714243e+08
   2.7422140e+08
   2.0543769e+08
   3.5792926e+08
   2.0496728e+09
   1.5993077e+08
   3.3764919e+08
   9.0261219e+08
   6.4216298e+08
   1.4059094e+09
   3.3284298e+08
   1.1477933e+09
   9.2476674e+08
   8.9413614e+08
   9.6602510e+08
   8.1025712e+08
   1.6660181e+08
   1.1090397e+09
   6.5334319e+08
   7.6340105e+08
   8.5194118e+08
   2.6308188e+08
   2.3133607e+08
   1.9978431e+08
   9.8901218e+08
   1.0806988e+08
   1.3142632e+09
   1.2435324e+09
   1.1980045e+09
   6.2230580e+08
   5.2698592e+08
   8.2047095e+08
   9.0140752e+08
   7.9101901e+08
   2.0290489e+09
   1.2089384e+09
   1.2141891e+09
   6.4878305e+08
   5.1707364e+08
   1.0710561e+09
   5.4470733e+08
   2.5570435e+08
   1.2627855e+09
   9.1033765e+08
   8.8351919e+08
   1.2082310e+08
   4.7189374e+08
   8.5862713e+08
   4.2908549e+08
   5.6582470e+08
   4.7333725e+08
   9.2424508e+08
   3.0650435e+08
   6.6124307e+08
   1.4156441e+09
   7.0710828e+08
   5.3488461e+08
   1.3937570e+09
   1.1470103e+09
   6.4128613e+08
   1.3517054e+09
   5.9174116e+08
   7.7318572e+08
   1.8294960e+08
   1.9617104e+08
   9.3209078e+08
   1.4113548e+09
   1.2945939e+09
   3.9163024e+08
   5.8909803e+08
   1.4633167e+08
   7.7315745e+08
   1.3877403e+09
   7.0780251e+08
   7.7777977e+08
   1.7879741e+08
   1.1277134e+09
   8.8301775e+08
   1.3437745e+09
   9.5724640e+08
   1.9844945e+08
   8.7260237e+08
   3.2428363e+08
   7.4669545e+08
   6.3102494e+08
   1.2549475e+09
   9.2603607e+08
   7.2376111e+08
   1.4070222e+09
   1.3235319e+09
   9.5956873e+08
   4.1519618e+08
   1.2227865e+09
   3.9165950e+08
   5.3872926e+08
   8.1678837e+08
   1.0063365e+09
   1.0969178e+09
   1.6050972e+08
   6.6587637e+08
   8.9669026e+08
   6.1015439e+08
   5.2253766e+08
   8.1927771e+08
   6.9588382e+08
   1.2414431e+09
   3.9328926e+08
   5.7852618e+08
   9.3960479e+08
   1.0911681e+09
   8.5667697e+08
   1.2047859e+09
   4.5160834e+08
   6.8672983e+08
   1.0316518e+09
   8.2975776e+08
   1.1581865e+08
   1.2560089e+08
   1.0659736e+09
   8.1016862e+08
   8.6807653e+07
   9.3162135e+08
   7.8054024e+08
   1.0368561e+09
   1.3664989e+09
   3.0947789e+08
   9.1647359e+08
   7.8023179e+08
   1.0241980e+09
   1.2078849e+09
   5.2213313e+08
   8.8841830e+08
   8.5565563e+08
   9.4846422e+08
   1.8879008e+08
   8.2169953e+08
   8.0113651e+08
   1.8347826e+08
   3.1661206e+08
   7.6923302e+08
   8.9387863e+08
   8.0655109e+08
   3.3228962e+08
   7.7874330e+08
   1.0119288e+09
   1.0198510e+08
   9.6142793e+08
   8.6898902e+08
   1.2201892e+09
   1.1330547e+09
   8.2499694e+08
   2.0990176e+08
   7.2249549e+08
   6.4013625e+08
   5.9145174e+08
   1.4248417e+09
   1.0620475e+09
   3.3905312e+08
   5.7362175e+08
   1.2640131e+09
   8.1135905e+08
   9.2089233e+08
   3.2496212e+08
   1.4053333e+09
   6.0528669e+08
   1.2488162e+09
   7.9151356e+08
   8.7001568e+08
   2.9499568e+08
   7.6888752e+08
   4.9153117e+08
   9.3281089e+08
   1.2069025e+09
   2.7547576e+08
   9.4150300e+08
   8.6300341e+08
   8.9677105e+08
   4.5140080e+08
   9.0984788e+08
   3.9224377e+08
   1.2129640e+09
   1.4009686e+09
   8.5848833e+08
   1.0182641e+09
   1.7831983e+08
   1.1319795e+09
   2.8103763e+08
   1.0176988e+09
   4.7031902e+08
   5.1067783e+08
   3.0537270e+08
   1.1547009e+09
   1.4426668e+09
   4.4490934e+08
   9.0874080e+08
   1.9519529e+08
   4.2111686e+08
   2.7204660e+08
   6.2812507e+08
   8.2709264e+08
   4.6901288e+08
   8.5641485e+08
   9.8537688e+08
   2.9045693e+08
   4.2518523e+08
   2.9589030e+08
   1.2432217e+09
   1.2144327e+09
   9.3767880e+08
   3.2264895e+08
   8.9868818e+08
   1.4106247e+09
   2.4300459e+08
   9.3584093e+08
   5.7936581e+08
   1.4500041e+09
   9.3296291e+08
   9.5836078e+08
   5.7711596e+08
   4.2816092e+08
   1.0175227e+09
   1.3641108e+09
   1.1722796e+09
   2.6983754e+08
   2.1122406e+08
   6.1260967e+08
   8.3241129e+08
   1.3446039e+08
   1.2676254e+09
   1.4388287e+09
   1.3082549e+09
   9.4914193e+08
   9.3697156e+08
   5.5439886e+08
   3.5404955e+08
   8.3232260e+08
   2.9628097e+08
   1.3198919e+09
   9.9938377e+08
   3.2803949e+08
   8.4768841e+08
   8.6044620e+08
   1.2746355e+09
   1.4126713e+09
   1.6453151e+08
   1.2249605e+09
   4.7938535e+08
   1.3026374e+09
   1.3166745e+08
   1.2961574e+09
   5.1864111e+08
   5.8854871e+08
   8.7894926e+08
   1.1126865e+09
   2.7129898e+08
   1.0114270e+08
   5.0982160e+08
   1.1004097e+09
   7.8256927e+08
   5.7327632e+08
   1.2390594e+09
   2.7093958e+08
   1.1819763e+09
   1.2204466e+09
   2.4480735e+08
   5.0730798e+08
   5.2857268e+08
   2.1761165e+08
   1.3679269e+09
   1.6207037e+08
   8.0485667e+08
   9.7750530e+07
   1.4489351e+09
   2.4944664e+08
   1.2395806e+09
   5.4345346e+08
   4.1478083e+08
   1.3428152e+09
   1.3985233e+09
   3.0066637e+08
   8.6217286e+08
   1.0734404e+09
   2.1018319e+08
   9.5020969e+08
   1.1225955e+09
   3.7331943e+08
   1.3946673e+09
   6.8507328e+08
   1.3998695e+09
   2.2470764e+08
   5.3371052e+08
