   2.0341554e+08
   1.3074796e+09
   7.3394131e+08
   8.0936520e+08
   9.5490045e+08
   9.6023407e+08
   5.9989086e+08
   9.0013416e+07
   1.4461717e+09
   5.7487252e+08
   1.5035519e+09
   8.5204448e+08
   1.2701977e+09
   5.5463764e+08
   6.2763962e+08
   8.8725458e+08
   1.0362905e+09
   1.2894555e+09
   1.0217664e+09
   1.9025402e+08
   9.2988836e+08
   1.2524915e+09
   5.8672033e+08
   8.9487370e+08
   1.3440238e+09
   1.0550994e+09
   3.1176982e+08
   1.0255359e+09
   1.4144867e+09
   1.4679231e+09
   9.1140842e+08
   8.9401248e+08
   9.7157350e+08
   1.4452277e+09
   6.5132141e+08
   4.3009848e+08
   3.6712442e+08
   1.3627982e+09
   1.1130820e+09
   9.1614712e+08
   1.4919640e+09
   4.6828601e+08
   5.0968318e+08
   1.5024436e+09
   8.3072208e+08
   7.9728215e+08
   2.0716225e+08
   9.0482714e+08
   6.5432838e+08
   3.4015382e+08
   6.3523305e+08
   1.2652502e+09
   7.1037269e+08
   8.5077052e+08
   1.3507432e+09
   1.3724092e+09
   9.3594521e+08
   2.7980251e+08
   9.0214492e+08
   1.1973434e+09
   1.1499959e+09
   1.4562905e+08
   8.6305986e+08
   9.1562716e+08
   1.2535838e+09
   9.0108035e+08
   8.9019188e+08
   4.6807080e+08
   1.3652988e+08
   5.2953691e+08
   8.2074376e+08
   9.9375255e+08
   1.1012684e+09
   6.3848950e+08
   4.0609296e+08
   6.1085313e+08
   1.2590286e+09
   7.5048925e+08
   7.1209043e+08
   1.3217072e+09
   2.1302440e+08
   1.2848171e+09
   1.4774603e+09
   1.3924047e+09
   5.9444713e+08
   1.9576200e+08
   9.7627225e+08
   4.0612329e+08
   9.2715615e+08
   6.6377617e+08
   1.0492989e+09
   9.2980459e+08
   1.3686349e+09
   2.8434826e+08
   1.4016232e+09
   2.6514738e+08
   5.2864906e+08
   1.0620212e+09
   5.3616892e+08
   9.2688913e+08
   2.2564793e+08
   3.2090676e+08
   1.4648406e+09
   5.5342018e+08
   1.0016999e+09
   7.9764041e+08
   3.0588971e+08
   1.4959437e+09
   8.9033580e+08
   1.4184438e+09
   7.2158247e+08
   2.8564894e+08
   2.1039806e+09
   6.1329377e+08
   4.9708882e+08
   4.8932054e+08
   2.8131792e+08
   4.6018031e+08
   1.3023927e+08
   1.2422462e+09
   1.8540031e+08
   5.4809261e+08
   1.6805554e+08
   1.4527056e+09
   8.6315183e+08
   1.1206084e+08
   3.4513471e+08
   1.3106925e+09
   1.7060758e+08
   8.8831363e+08
   8.3633662e+08
   9.8419325e+08
   1.3012921e+09
   8.4017952e+08
   4.0672915e+08
   7.9159307e+08
   5.4141525e+08
   9.8530043e+08
   4.8768768e+08
   1.1374264e+09
   6.0076151e+08
   2.8094524e+08
   9.5837700e+08
   9.4395597e+08
   1.4501700e+09
   1.8490509e+08
   1.2853576e+09
   1.2528504e+08
   1.3933994e+09
   1.2655170e+09
   9.7040112e+08
   4.4088710e+08
   1.2949344e+09
   8.8340294e+08
   8.0904537e+08
   7.4917689e+08
   1.1289617e+09
   1.0136040e+08
   1.8970583e+08
   4.4397269e+08
   4.3666851e+08
   1.0558681e+09
   6.1359386e+08
   8.8804182e+08
   1.2492780e+09
   1.4740793e+09
   1.4572315e+09
   8.7899312e+08
   8.1146916e+08
   9.9500510e+08
   2.5384797e+08
   5.9480530e+08
   1.4169631e+09
   1.2872890e+09
   5.5862426e+08
   1.0552819e+09
   1.1748978e+09
   1.3367288e+09
   4.9081735e+08
   1.1901808e+09
   8.5763676e+08
   3.5011841e+08
   1.2009577e+08
   3.0118337e+08
   1.1537775e+09
   1.3144381e+09
   9.4230013e+08
   3.0681738e+08
   1.0575136e+08
   1.6583693e+08
   6.6496850e+08
   2.1765333e+08
   1.5173562e+08
   9.6741674e+08
   8.0170975e+08
   8.0173908e+08
   9.3187628e+08
   1.2155712e+09
   1.4578288e+09
   2.0240376e+08
   5.6352292e+08
   1.3424026e+09
   8.6040031e+08
   9.7430397e+08
   5.6482310e+08
   1.0487785e+08
   1.7275433e+08
   5.4644725e+08
   9.6725914e+08
   4.0781324e+08
   1.4627184e+09
   7.7427054e+08
   3.3696281e+08
   3.2830438e+08
   2.5197862e+08
   3.7114741e+08
   9.3469605e+08
   1.4634754e+09
   1.1314643e+09
   3.5157419e+08
   1.3565681e+09
   6.7274228e+08
   1.1693593e+09
   8.4953323e+08
   1.4389889e+09
   1.0977456e+09
   6.7747083e+08
   8.2023094e+08
   9.9693300e+08
   1.6643726e+08
   8.9222206e+08
   2.1902445e+08
   1.0697502e+09
   9.5891794e+08
   2.7279736e+08
   3.3625926e+08
   2.8209314e+08
   9.7230678e+08
   2.1253662e+09
   9.8349052e+08
   1.3094195e+09
   1.2592810e+09
   8.0750189e+08
   1.1053395e+09
   4.3052917e+08
   2.3300599e+08
   6.4528725e+08
   8.5546366e+08
   1.2679434e+09
   6.6587774e+08
   1.2514728e+09
   8.4008775e+08
   1.4515660e+09
   8.0650279e+08
   9.9259707e+08
   3.1664996e+08
   8.4695194e+08
   2.0577808e+08
   8.4132214e+08
   4.8633330e+08
   1.1737830e+09
   1.2256261e+09
   2.1479209e+08
   1.0435000e+09
   1.3942594e+08
   3.3456421e+08
   4.2776872e+08
   9.6651240e+08
   9.6602568e+08
   8.3457962e+08
   6.9046686e+08
   9.2122715e+08
   2.1794515e+08
   5.2604261e+08
   4.4493140e+08
   3.1782341e+08
   1.1893688e+09
   1.4589829e+09
   6.1028352e+08
   3.4456092e+08
   1.2891332e+09
   2.5865857e+08
   1.0751466e+09
   5.3779427e+08
   3.0722248e+08
   6.3268708e+08
   6.8566245e+08
   4.6133963e+08
   1.1106098e+09
   9.5031850e+08
   1.2577581e+09
   1.1410473e+09
   2.9141622e+08
   7.3322144e+08
   5.4183472e+08
   2.3987920e+08
   9.4344812e+08
   5.9842857e+08
   1.1640524e+09
   3.8710593e+08
   3.6620680e+08
   3.7914667e+08
   1.2905626e+09
   8.5029870e+08
   1.0098301e+09
   9.7129267e+08
   1.0192243e+09
   7.7773947e+08
   7.9964588e+08
   2.9478758e+08
   1.1507969e+09
   1.1781796e+09
   9.7640521e+08
   7.8072358e+08
   4.9127556e+08
   9.1493037e+08
   1.0404020e+09
   1.1352717e+09
   3.9857426e+08
   5.2402643e+08
   8.6547250e+08
   3.1422081e+08
   6.2768980e+08
   9.2042674e+08
   3.8893320e+08
   9.6605412e+08
   1.3434203e+09
   1.1980990e+08
   9.3236516e+08
   1.1929728e+09
   6.3953010e+08
   1.3196159e+09
   4.8797489e+08
   8.7106011e+08
   7.3329340e+08
   4.4825562e+08
   9.3731900e+08
   9.7550823e+08
   1.2908840e+09
   1.0512218e+08
   7.8609748e+08
   2.6078845e+08
   1.0828483e+09
   4.7992423e+08
   3.3123451e+08
   1.3161077e+09
   8.2335110e+08
   9.4141858e+08
   8.5889423e+08
   1.4417708e+09
   1.8992766e+08
   6.1437466e+08
   8.1808557e+08
   1.3671707e+09
   2.5318861e+08
   5.1032684e+08
   7.7271755e+08
   1.2508745e+08
   6.1808763e+08
   8.2384206e+08
   8.1369549e+08
   1.3568909e+09
   7.3072155e+08
   1.2365343e+09
   1.4763869e+09
   1.3169090e+08
   3.3307309e+08
   7.5112609e+08
   1.3560733e+09
   1.4356074e+09
   8.2095363e+08
   6.5365249e+08
   7.1190668e+08
   8.8976463e+08
   1.2638556e+09
   5.5870227e+08
   4.5217728e+08
   1.3016875e+09
   8.9759334e+08
   1.1503232e+09
   3.5322007e+08
   7.3018397e+08
   3.8681615e+08
   5.3014911e+08
   1.0571139e+09
   1.2233445e+09
   9.8650555e+08
   9.9651214e+08
   1.0002658e+09
   1.9006509e+08
   9.9309754e+08
   1.4665788e+08
   9.5862537e+08
   6.4112990e+08
   9.9731501e+08
   5.0183091e+08
   5.8719374e+08
   2.6201525e+08
   1.3054490e+09
   5.9716357e+08
