   9.5498209e+08
   9.6346064e+08
   1.7382854e+09
   1.2213391e+09
   5.4348644e+08
   1.0761890e+09
   1.3740758e+09
   1.4129085e+09
   9.7373894e+08
   5.4082057e+08
   5.7914088e+08
   1.0533264e+09
   1.1144885e+09
   9.8212952e+08
   5.2279001e+08
   1.1314856e+09
   1.4809490e+09
   7.6078766e+08
   1.3446073e+09
   1.0419107e+09
   1.4566687e+09
   1.5486547e+09
   6.5397486e+08
   6.2054241e+08
   9.6001370e+08
   6.0528571e+08
   1.3009910e+09
   1.0828244e+09
   5.7197485e+08
   1.4932757e+08
   8.8628277e+08
   1.0390878e+09
   6.7391138e+08
   8.5197408e+08
   8.1688717e+08
   5.4366169e+08
   8.7995653e+08
   5.5455411e+08
   6.8661654e+08
   6.6495806e+08
   1.2252708e+09
   1.9598101e+08
   1.7356312e+08
   8.0092684e+08
   1.3270395e+09
   1.1556075e+09
   7.5590934e+08
   1.2691712e+09
   1.2642666e+09
   1.4980674e+09
