   1.5553095e+09
   1.6681222e+09
   1.7002574e+09
   1.4498206e+09
   1.9672308e+09
   1.2285631e+09
   1.6645395e+09
   1.1550311e+09
   1.3962581e+09
   1.3712824e+09
   1.2827016e+09
   1.4792316e+09
   1.3200486e+09
   1.4244169e+09
   1.3067496e+09
   1.4469179e+09
   1.2752746e+09
   1.0411350e+09
   1.3907501e+09
   1.0200174e+09
   1.3714085e+09
   1.2622741e+09
   1.0948471e+09
   1.2872254e+09
   1.0105024e+09
   1.1181567e+09
   1.3686128e+09
   1.3496951e+09
   1.0589259e+09
   1.1957483e+09
   1.0519134e+09
   1.4750464e+09
   1.0383441e+09
   1.2333291e+09
   1.0060061e+09
   9.5615469e+08
   9.8320536e+08
   9.1042696e+08
   9.2812283e+08
   8.0924742e+08
   8.7598483e+08
   9.2969991e+08
   9.2513882e+08
   8.9735610e+08
   8.6554663e+08
   8.5840400e+08
   8.5097088e+08
   9.3210762e+08
   9.3335449e+08
   9.9944312e+08
   8.7390162e+08
   8.5420660e+08
   9.9673497e+08
   9.2660617e+08
   8.1673303e+08
   5.2361302e+08
   6.1116686e+08
   6.5105530e+08
   7.9532644e+08
   5.6986925e+08
   7.4907245e+08
   5.9169049e+08
   6.7888987e+08
   5.0410741e+08
   6.4279927e+08
   7.4539404e+08
   7.9673595e+08
   7.9962857e+08
   6.4627251e+08
   6.2458516e+08
   7.2260594e+08
   6.0784620e+08
   5.9977972e+08
   7.4791355e+08
   6.0075021e+08
   4.9487697e+08
   4.8351973e+08
   2.4754548e+08
   1.2775529e+08
   4.6620656e+08
